0 0
1 285
2 294
3 275
4 291
5 290
6 274
7 299
8 309
9 310
10 289
11 298
12 310
13 286
14 314
15 312
16 337
17 308
18 318
19 331
20 298
21 292
22 339
23 293
24 276
25 310
26 297
27 269
28 305
29 266
30 274
31 295
32 310
33 277
34 284
35 268
36 272
37 245
38 250
39 295
40 241
41 265
42 250
43 248
44 254
45 248
46 240
47 261
48 241
49 250
50 243
51 250
52 238
53 228
54 267
55 287
56 246
57 247
58 251
59 301
60 244
61 257
62 288
63 265
64 271
65 273
66 285
67 299
68 266
69 317
70 293
71 260
72 255
73 311
74 294
75 268
76 260
77 303
78 279
79 294
80 268
81 295
82 300
83 296
84 289
85 313
86 283
87 305
88 277
89 313
90 295
91 258
92 328
93 271
94 311
95 322
96 286
97 302
98 298
99 322
100 280
101 318
102 315
103 333
104 333
105 332
106 323
107 286
108 327
109 328
110 349
111 346
112 336
113 345
114 358
115 323
116 340
117 342
118 359
119 356
120 337
121 339
122 325
123 346
124 354
125 336
126 376
127 369
128 399
129 359
130 389
131 326
132 364
133 398
134 387
135 373
136 366
137 431
138 411
139 395
140 412
141 425
142 422
143 406
144 430
145 445
146 472
147 448
148 461
149 497
150 489
151 430
152 447
153 513
154 476
155 475
156 486
157 471
158 525
159 487
160 506
161 531
162 548
163 512
164 516
165 529
166 590
167 594
168 527
169 544
170 609
171 572
172 588
173 582
174 564
175 603
176 599
177 576
178 549
179 555
180 520
181 522
182 524
183 484
184 500
185 480
186 469
187 486
188 455
189 418
190 382
191 410
192 371
193 345
194 353
195 284
196 302
197 291
198 225
199 254
200 255
201 216
202 251
203 196
204 209
205 196
206 164
207 162
208 176
209 182
210 141
211 151
212 154
213 161
214 149
215 147
216 138
217 129
218 155
219 121
220 157
221 157
222 150
223 145
224 149
225 141
226 158
227 128
228 151
229 143
230 148
231 143
232 156
233 150
234 159
235 139
236 154
237 171
238 173
239 186
240 182
241 172
242 179
243 168
244 182
245 155
246 167
247 163
248 174
249 142
250 187
251 163
252 178
253 151
254 172
255 142
256 163
257 155
258 147
259 150
260 166
261 160
262 143
263 160
264 150
265 156
266 192
267 129
268 151
269 144
270 143
271 144
272 143
273 130
274 146
275 151
276 135
277 143
278 141
279 145
280 141
281 145
282 132
283 143
284 137
285 153
286 163
287 141
288 134
289 152
290 150
291 106
292 145
293 121
294 151
295 125
296 126
297 127
298 133
299 143
300 145
301 153
302 135
303 138
304 135
305 148
306 130
307 143
308 138
309 154
310 130
311 137
312 172
313 141
314 145
315 117
316 147
317 145
318 159
319 141
320 149
321 148
322 137
323 127
324 147
325 131
326 154
327 126
328 154
329 134
330 147
331 140
332 165
333 131
334 152
335 146
336 135
337 128
338 165
339 145
340 144
341 132
342 139
343 138
344 142
345 160
346 133
347 140
348 150
349 126
350 141
351 145
352 139
353 139
354 147
355 158
356 152
357 119
358 124
359 154
360 136
361 161
362 133
363 148
364 132
365 131
366 142
367 145
368 130
369 152
370 143
371 149
372 151
373 128
374 155
375 135
376 124
377 124
378 125
379 139
380 146
381 162
382 132
383 134
384 129
385 107
386 138
387 140
388 125
389 137
390 144
391 143
392 129
393 137
394 131
395 150
396 126
397 137
398 131
399 130
400 129
401 128
402 134
403 131
404 161
405 113
406 133
407 131
408 113
409 122
410 132
411 112
412 127
413 142
414 122
415 102
416 151
417 121
418 115
419 107
420 131
421 116
422 129
423 129
424 124
425 123
426 109
427 133
428 120
429 112
430 117
431 134
432 121
433 112
434 127
435 114
436 115
437 118
438 107
439 124
440 121
441 112
442 141
443 119
444 109
445 132
446 124
447 124
448 118
449 128
450 110
451 133
452 142
453 117
454 111
455 110
456 136
457 121
458 97
459 125
460 120
461 107
462 135
463 116
464 117
465 117
466 118
467 118
468 114
469 103
470 93
471 111
472 109
473 94
474 134
475 120
476 83
477 104
478 113
479 106
480 94
481 94
482 128
483 100
484 121
485 105
486 95
487 101
488 103
489 104
490 92
491 78
492 114
493 121
494 94
495 96
496 108
497 91
498 93
499 93
500 93
501 111
502 96
503 90
504 111
505 109
506 89
507 91
508 111
509 94
510 107
511 109
512 93
513 95
514 89
515 105
516 76
517 108
518 85
519 74
520 96
521 97
522 83
523 95
524 102
525 78
526 89
527 112
528 85
529 100
530 93
531 95
532 77
533 94
534 94
535 95
536 86
537 88
538 88
539 96
540 98
541 77
542 78
543 86
544 80
545 65
546 99
547 71
548 83
549 78
550 78
551 76
552 85
553 94
554 78
555 88
556 93
557 70
558 81
559 85
560 74
561 82
562 70
563 64
564 66
565 65
566 63
567 77
568 60
569 84
570 78
571 60
572 70
573 72
574 71
575 80
576 60
577 62
578 72
579 67
580 75
581 56
582 70
583 73
584 76
585 65
586 65
587 63
588 80
589 68
590 73
591 57
592 75
593 78
594 62
595 56
596 61
597 72
598 71
599 80
600 61
601 70
602 57
603 50
604 54
605 59
606 42
607 60
608 65
609 68
610 63
611 73
612 72
613 60
614 54
615 54
616 55
617 49
618 54
619 64
620 45
621 61
622 58
623 59
624 70
625 56
626 74
627 61
628 50
629 72
630 58
631 49
632 44
633 52
634 45
635 57
636 57
637 50
638 59
639 41
640 51
641 56
642 49
643 53
644 59
645 66
646 58
647 47
648 45
649 48
650 57
651 44
652 50
653 55
654 51
655 42
656 48
657 63
658 43
659 56
660 60
661 52
662 63
663 62
664 43
665 57
666 60
667 56
668 49
669 48
670 51
671 54
672 60
673 57
674 52
675 50
676 45
677 44
678 42
679 48
680 49
681 43
682 45
683 61
684 35
685 51
686 46
687 42
688 47
689 45
690 44
691 40
692 47
693 39
694 47
695 52
696 53
697 49
698 40
699 41
700 36
701 51
702 47
703 42
704 45
705 44
706 37
707 45
708 60
709 37
710 36
711 54
712 55
713 53
714 46
715 41
716 52
717 39
718 39
719 59
720 49
721 47
722 30
723 43
724 49
725 69
726 57
727 46
728 51
729 61
730 38
731 43
732 38
733 53
734 38
735 55
736 53
737 73
738 37
739 44
740 53
741 47
742 44
743 53
744 39
745 56
746 49
747 47
748 45
749 48
750 53
751 47
752 55
753 50
754 58
755 56
756 49
757 41
758 43
759 52
760 48
761 47
762 56
763 52
764 53
765 50
766 47
767 55
768 47
769 59
770 50
771 52
772 48
773 46
774 56
775 54
776 48
777 49
778 52
779 61
780 50
781 54
782 47
783 41
784 45
785 49
786 42
787 45
788 68
789 56
790 54
791 53
792 41
793 53
794 48
795 50
796 44
797 47
798 52
799 42
800 53
801 46
802 44
803 44
804 48
805 34
806 54
807 50
808 49
809 41
810 42
811 56
812 44
813 55
814 47
815 28
816 49
817 41
818 46
819 40
820 35
821 32
822 31
823 45
824 23
825 31
826 29
827 31
828 29
829 38
830 36
831 28
832 25
833 36
834 29
835 18
836 38
837 31
838 22
839 30
840 23
841 26
842 27
843 32
844 23
845 20
846 22
847 21
848 24
849 27
850 25
851 19
852 26
853 16
854 17
855 22
856 14
857 20
858 15
859 19
860 22
861 20
862 18
863 25
864 19
865 25
866 19
867 15
868 22
869 21
870 27
871 22
872 19
873 13
874 7
875 25
876 17
877 13
878 16
879 14
880 21
881 13
882 15
883 16
884 11
885 14
886 11
887 16
888 14
889 12
890 11
891 16
892 22
893 23
894 9
895 13
896 16
897 12
898 16
899 9
900 10
901 9
902 7
903 13
904 12
905 10
906 14
907 13
908 14
909 16
910 9
911 12
912 8
913 16
914 9
915 8
916 12
917 16
918 10
919 7
920 11
921 15
922 14
923 13
924 18
925 12
926 14
927 12
928 9
929 14
930 10
931 8
932 8
933 14
934 13
935 6
936 12
937 8
938 7
939 7
940 9
941 11
942 7
943 6
944 4
945 8
946 5
947 6
948 10
949 12
950 7
951 5
952 10
953 6
954 2
955 3
956 4
957 5
958 5
959 0
960 1
961 4
962 7
963 5
964 5
965 2
966 6
967 1
968 4
969 2
970 3
971 1
972 2
973 2
974 5
975 3
976 5
977 0
978 4
979 4
980 4
981 1
982 2
983 0
984 2
985 3
986 1
987 1
988 3
989 5
990 3
991 5
992 1
993 3
994 0
995 4
996 2
997 5
998 2
999 0
1000 5
1001 1
1002 1
1003 0
1004 1
1005 1
1006 1
1007 1
1008 0
1009 0
1010 1
1011 1
1012 0
1013 0
1014 1
1015 1
1016 0
1017 0
1018 1
1019 0
1020 0
1021 0
1022 0
1023 0
