375
371
377
372
374
377
372
374
368
366
366
359
353
355
348
346
337
345
339
341
335
338
341
340
336
334
341
339
333
338
328
332
333
324
326
318
319
319
314
311
307
311
309
308
304
309
304
303
301
309
304
302
299
296
298
298
293
287
287
291
280
286
285
274
284
272
279
274
276
275
270
269
269
273
263
264
265
260
259
261
252
256
257
246
251
244
252
246
245
240
241
241
239
239
235
234
237
231
234
229
225
225
227
222
222
221
219
217
211
215
218
210
209
207
211
204
207
206
203
200
201
197
192
198
192
195
190
193
185
184
183
183
184
178
176
180
175
179
169
169
173
168
165
169
163
160
164
159
159
156
154
152
152
151
150
147
147
147
144
139
146
137
139
137
133
135
132
130
131
126
130
118
127
121
123
120
116
120
116
107
116
115
108
107
108
102
105
102
102
97
101
94
98
94
95
90
87
86
89
81
84
86
78
78
75
78
72
78
67
74
63
71
64
64
59
63
62
60
55
57
51
52
49
54
45
49
47
44
40
41
38
40
42
29
33
37
31
28
30
29
25
21
26
20
21
18
16
17
18
12
8
10
12
7
7
4
1
2
0
0
0
2
3
11
5
13
8
15
17
15
20
17
28
20
28
21
28
27
35
28
36
37
33
33
42
42
42
40
45
46
46
53
45
57
51
50
61
58
64
56
62
65
63
65
70
73
66
72
71
78
78
79
77
86
81
82
85
90
86
89
93
97
98
90
99
99
101
101
106
108
105
107
111
113
112
113
113
119
118
120
125
116
127
126
130
124
133
135
129
137
138
132
140
140
143
145
144
145
146
149
151
153
152
159
157
158
162
156
162
167
163
163
171
171
169
173
175
178
171
181
182
181
186
181
189
183
194
185
196
192
197
197
200
198
200
204
202
206
205
212
205
214
210
217
214
218
218
217
222
220
230
221
232
227
233
227
236
235
231
240
242
238
239
243
245
249
248
247
255
251
252
254
258
255
264
259
265
258
270
268
264
273
274
271
274
275
280
274
287
279
283
284
287
285
293
288
294
290
295
300
297
299
298
305
304
306
305
306
314
310
314
308
322
314
321
320
320
321
325
326
328
328
332
330
332
339
333
337
342
339
342
343
346
348
346
351
350
351
354
357
355
355
363
361
365
360
365
369
367
371
373
371
374
377
378
376
382
375
380
374
376
369
364
368
358
353
352
348
354
338
344
344
339
341
345
338
342
339
347
337
340
337
340
331
332
331
329
322
323
321
316
314
314
310
311
311
310
306
308
309
304
308
305
305
304
300
300
297
296
291
292
288
285
288
281
283
281
277
280
277
277
275
276
271
272
270
266
270
263
266
259
257
264
252
255
254
250
249
250
247
247
240
242
244
240
242
234
239
233
233
237
232
228
225
225
226
221
219
224
214
214
221
208
217
208
210
211
204
207
207
202
201
201
196
200
192
195
191
193
189
187
187
184
186
176
179
182
177
175
175
175
169
169
171
165
166
162
166
155
161
159
158
151
154
151
149
149
147
149
143
141
144
144
137
138
137
130
135
135
124
129
128
123
125
126
119
124
115
118
116
114
111
110
111
109
107
102
108
98
104
96
100
96
99
90
95
88
90
88
84
85
84
79
82
75
81
75
73
71
70
71
69
62
69
61
66
57
61
56
56
55
50
54
48
51
47
43
45
45
42
40
40
34
36
36
34
28
31
25
27
28
25
23
19
21
20
16
16
15
10
10
18
2
8
5
3
5
1
0
0
1
6
10
10
6
14
7
20
17
14
23
22
19
21
29
25
27
29
31
30
36
34
35
37
42
41
40
43
44
46
48
47
50
54
52
52
63
54
59
62
59
66
61
70
62
73
70
70
71
76
76
79
80
79
79
87
86
85
83
94
90
93
91
93
98
98
100
102
101
105
107
106
112
109
108
114
116
115
115
120
120
119
127
120
129
126
128
129
135
132
130
139
135
143
137
140
144
149
142
146
151
149
151
152
155
157
158
156
160
164
160
165
161
171
166
173
168
175
174
175
178
181
180
184
177
189
187
182
191
189
193
195
195
193
199
201
200
203
202
204
209
207
210
208
212
210
218
213
214
222
219
226
220
223
224
229
227
230
228
235
234
235
235
241
240
239
242
244
244
251
246
251
252
253
255
254
259
261
263
263
262
265
268
269
271
268
270
276
277
277
274
281
281
284
287
282
289
291
289
287
296
297
295
297
301
298
302
304
301
310
306
307
312
310
312
315
316
318
317
322
321
322
328
324
328
325
336
329
334
336
335
336
342
342
344
337
346
346
348
349
350
350
354
354
358
357
358
364
360
365
363
368
368
367
