#
# Device : FPGA
# Correlation : A-A fast (Vers. 1.22)
# Total Time   : 120.077 sec
# Total Counts: 8812423
# Counts / sec: 73390
-4.60205999132796E+0000 -1.00000000000000E+0000
-4.30102999566398E+0000  5.94084165943634E-0001
-4.12493873660830E+0000  1.60351412195888E+0000
-4.00000000000000E+0000  8.56074565061239E-0001
-3.90308998699194E+0000  6.82960513175496E-0001
-3.82390874094432E+0000  5.30256478102881E-0001
-3.75696195131371E+0000  4.82385711535286E-0001
-3.69897000433602E+0000  4.24433633572983E-0001
-3.64781748188864E+0000  4.02106312353901E-0001
-3.60205999132796E+0000  3.79036808692714E-0001
-3.56066730616974E+0000  3.84108388938404E-0001
-3.52287874528034E+0000  3.34011074991197E-0001
-3.48811663902113E+0000  3.59183429464053E-0001
-3.45593195564972E+0000  3.42236930850480E-0001
-3.42596873227228E+0000  3.30547557801044E-0001
-3.39794000867204E+0000  3.10075692614212E-0001
-3.34678748622466E+0000  3.23311279900175E-0001
-3.30102999566398E+0000  3.21208430220534E-0001
-3.25963731050576E+0000  3.25445055501879E-0001
-3.22184874961636E+0000  3.15765760131047E-0001
-3.18708664335714E+0000  3.07663602427124E-0001
-3.15490195998574E+0000  3.16353322321656E-0001
-3.12493873660830E+0000  3.11343591427472E-0001
-3.09691001300806E+0000  3.03457903588814E-0001
-3.07058107428571E+0000  3.02190009135857E-0001
-3.04575749056068E+0000  2.93778608727402E-0001
-3.01099538430146E+0000  3.01973540613892E-0001
-2.97881070093006E+0000  2.99561448504408E-0001
-2.94884747755262E+0000  3.11642530115961E-0001
-2.92081875395238E+0000  2.99499601591260E-0001
-2.89448981523003E+0000  3.00015006874554E-0001
-2.86966623150499E+0000  2.99231592889179E-0001
-2.83863199776503E+0000  3.02839425277825E-0001
-2.80966830182971E+0000  2.98571877327981E-0001
-2.78251605578609E+0000  3.00133553963337E-0001
-2.75696195131371E+0000  3.05390680677479E-0001
-2.73282827159699E+0000  2.97907008800744E-0001
-2.70996538863748E+0000  3.04138249978639E-0001
-2.68298189895189E+0000  2.92102526034621E-0001
-2.65757731917779E+0000  2.90358398634276E-0001
-2.63357704277403E+0000  2.94972300847888E-0001
-2.61083391563547E+0000  3.00142839905911E-0001
-2.58502665202918E+0000  3.03973327605447E-0001
-2.56066730616974E+0000  2.96871055528102E-0001
-2.53760200210104E+0000  2.95232070906196E-0001
-2.51215487988856E+0000  2.94631258429361E-0001
-2.48811663902113E+0000  2.97158214852893E-0001
-2.46533942417156E+0000  2.90929185446171E-0001
-2.44069198909299E+0000  2.94536282676220E-0001
-2.41736856051036E+0000  2.97334931172764E-0001
-2.39523411529611E+0000  3.02738949342374E-0001
-2.37161106994969E+0000  2.96764554801810E-0001
-2.34920696034807E+0000  3.00111250356636E-0001
-2.32790214206428E+0000  2.98207692223275E-0001
-2.30539480106643E+0000  2.97755513389191E-0001
-2.28399665636520E+0000  2.97730776675667E-0001
-2.26161587648784E+0000  2.98408864536295E-0001
-2.24033215531037E+0000  2.90042446975041E-0001
-2.21824462534753E+0000  2.97726662626089E-0001
-2.19722627470802E+0000  2.98819323394354E-0001
-2.17554872996339E+0000  2.98386387134095E-0001
-2.15335367142288E+0000  3.00758724185915E-0001
-2.13223797534980E+0000  2.99411313361656E-0001
-2.11069829749369E+0000  3.02014846433922E-0001
-2.08884239126002E+0000  2.96438174068888E-0001
-2.06803388527183E+0000  3.01281692203140E-0001
-2.04696554274964E+0000  2.97240394928755E-0001
-2.02571864112217E+0000  2.95658209014701E-0001
-2.00436480540245E+0000  2.95596727286393E-0001
-1.98401189461587E+0000  2.97540078682326E-0001
-1.96357073437333E+0000  2.96568085427177E-0001
-1.94309514866353E+0000  2.98580819356651E-0001
-1.92263209471584E+0000  2.96126161088578E-0001
-1.90222226546072E+0000  2.98235862634423E-0001
-1.88190068792201E+0000  2.94716776677440E-0001
-1.86169730183372E+0000  2.96602751654943E-0001
-1.84163750790475E+0000  2.99537805086541E-0001
-1.82102305270683E+0000  2.97255533433755E-0001
-1.80065628131061E+0000  2.95488135333977E-0001
-1.78054646292319E+0000  2.96599071246874E-0001
-1.76007518673785E+0000  2.94383742318116E-0001
-1.73992861201493E+0000  2.98945022859420E-0001
-1.72010501998836E+0000  2.96503778448617E-0001
-1.70005709997723E+0000  2.93741017649153E-0001
-1.67985371388895E+0000  2.93191263025109E-0001
-1.66005193830565E+0000  2.97165439148563E-0001
-1.64016451766011E+0000  2.93081163979477E-0001
-1.62024138415730E+0000  2.95666676411700E-0001
-1.60032627851896E+0000  2.92385902710293E-0001
-1.58045727529972E+0000  2.94513827129567E-0001
-1.56066730616974E+0000  2.94878915972087E-0001
-1.54098466769817E+0000  2.92142347906777E-0001
-1.52143350440616E+0000  2.94629049188738E-0001
-1.50168944621040E+0000  2.89990714609254E-0001
-1.48214458106997E+0000  2.91818994737754E-0001
-1.46249572515211E+0000  2.88977596286468E-0001
-1.44279366023447E+0000  2.92060757567680E-0001
-1.42337075155237E+0000  2.88403803779761E-0001
-1.40395299245456E+0000  2.89939483641732E-0001
-1.38457604711406E+0000  2.87678370521216E-0001
-1.36501919994877E+0000  2.86507789384694E-0001
-1.34558278508629E+0000  2.86831299935952E-0001
-1.32628809116303E+0000  2.86966714685816E-0001
-1.30693290607577E+0000  2.86899556790452E-0001
-1.28756076335481E+0000  2.85033080784613E-0001
-1.26820984622542E+0000  2.85868485564725E-0001
-1.24891344511398E+0000  2.85413872479942E-0001
-1.22951619056889E+0000  2.84708811683819E-0001
-1.21024306771471E+0000  2.84128863371296E-0001
-1.19094557277706E+0000  2.82602925410184E-0001
-1.17166239994100E+0000  2.81646168139222E-0001
-1.15242734085789E+0000  2.81458817804801E-0001
-1.13312218566250E+0000  2.80013735629929E-0001
-1.11393249508050E+0000  2.80441294266563E-0001
-1.09474395125155E+0000  2.78472832319449E-0001
-1.07559147885848E+0000  2.77924727717010E-0001
-1.05638184153594E+0000  2.78352393289846E-0001
-1.03727560682398E+0000  2.76569240972135E-0001
-1.01818139282934E+0000  2.76026277021919E-0001
-9.99023935077441E-0001  2.75815166769523E-0001
-9.79845968361667E-0001  2.74905827454968E-0001
-9.60685046135837E-0001  2.72561293652648E-0001
-9.41573975542995E-0001  2.72219945191591E-0001
-9.22450419548206E-0001  2.70529618239810E-0001
-9.03350641885376E-0001  2.71329622311164E-0001
-8.84306298117247E-0001  2.69573179987641E-0001
-8.65265236403602E-0001  2.68813054787389E-0001
-8.46185135655471E-0001  2.66761253865167E-0001
-8.27105302247824E-0001  2.67181192798733E-0001
-8.08060190343492E-0001  2.64297827590040E-0001
-7.89013026167855E-0001  2.64063418767979E-0001
-7.69998376737235E-0001  2.62098524616073E-0001
-7.50985186099075E-0001  2.61834880899367E-0001
-7.32007409634418E-0001  2.61134371573961E-0001
-7.13038569232738E-0001  2.60241253888087E-0001
-6.94057790155409E-0001  2.56678744516292E-0001
-6.75049122352311E-0001  2.56671347392580E-0001
-6.56050106562198E-0001  2.54812565230103E-0001
-6.37093616496864E-0001  2.53255930231552E-0001
-6.18118132344074E-0001  2.51149604080813E-0001
-5.99159922716575E-0001  2.50438053562058E-0001
-5.80209413893637E-0001  2.47915958444717E-0001
-5.61259930071433E-0001  2.47006089034172E-0001
-5.42307297118664E-0001  2.45649655896083E-0001
-5.23349485999686E-0001  2.43566489703198E-0001
-5.04420975781124E-0001  2.41498048191867E-0001
-4.85485451551046E-0001  2.39964217027518E-0001
-4.66545710329176E-0001  2.38260860194591E-0001
-4.47636018213315E-0001  2.35783805977906E-0001
-4.28728010959313E-0001  2.34199643578332E-0001
-4.09827168403686E-0001  2.31750515543374E-0001
-3.90912741513470E-0001  2.29156796791788E-0001
-3.71994440121916E-0001  2.27579635061478E-0001
-3.53081895435309E-0001  2.25233185294503E-0001
-3.34184572009065E-0001  2.22163689302379E-0001
-3.15289254613907E-0001  2.20733191370627E-0001
-2.96386245658269E-0001  2.17868885046582E-0001
-2.77489474109127E-0001  2.15869751977153E-0001
-2.58592313858698E-0001  2.13077329228273E-0001
-2.39709483733114E-0001  2.10793326058383E-0001
-2.20818523132100E-0001  2.08827958457346E-0001
-2.01936635890882E-0001  2.05473729637334E-0001
-1.83063060172214E-0001  2.03569165002616E-0001
-1.64182645706527E-0001  1.99731167107972E-0001
-1.45314495980018E-0001  1.97835814737930E-0001
-1.26446906486381E-0001  1.95016042084360E-0001
-1.07585362273209E-0001  1.92462858600926E-0001
-8.87225105576066E-0002  1.89636195472038E-0001
-6.98536019828826E-0002  1.87032299667037E-0001
-5.09883358859775E-0002  1.83764751150148E-0001
-3.21245544519669E-0002  1.81405636638911E-0001
-1.32618465022477E-0002  1.77879062399758E-0001
 5.59872720033459E-0003  1.75402156145042E-0001
 2.44548801370781E-0002  1.71821374450427E-0001
 4.33131469071110E-0002  1.69516714913337E-0001
 6.21681733517829E-0002  1.66697487488064E-0001
 8.10230864513338E-0002  1.64299260603992E-0001
 9.98704739906551E-0002  1.60867125195780E-0001
 1.18719290030396E-0001  1.57599007592017E-0001
 1.37567724116282E-0001  1.54725048085285E-0001
 1.56412845064438E-0001  1.52093636486919E-0001
 1.75258062563414E-0001  1.48554620058679E-0001
 1.94097885578952E-0001  1.45978326756994E-0001
 2.12939641192905E-0001  1.42455818682333E-0001
 2.31781691135814E-0001  1.39590578521506E-0001
 2.50621243849257E-0001  1.36762066144496E-0001
 2.69460405417291E-0001  1.33768634357787E-0001
 2.88299539989167E-0001  1.30269689476586E-0001
 3.07137543559757E-0001  1.27292618679221E-0001
 3.25972089420420E-0001  1.24359776942723E-0001
 3.44809663896866E-0001  1.21577896376050E-0001
 3.63644879743067E-0001  1.18156214439851E-0001
 3.82480823188826E-0001  1.15399949486550E-0001
 4.01314362691788E-0001  1.12958618339856E-0001
 4.20145607612628E-0001  1.09326076562081E-0001
 4.38977216539066E-0001  1.06205686583186E-0001
 4.57806229082977E-0001  1.03105070555994E-0001
 4.76636021575915E-0001  1.00487896274964E-0001
 4.95464547684665E-0001  9.81555009617941E-0002
 5.14295336961889E-0001  9.53387165483940E-0002
 5.33123563378422E-0001  9.29981682882506E-0002
 5.51952927087133E-0001  9.02732822992467E-0002
 5.70779285862342E-0001  8.78224888425448E-0002
 5.89606160800964E-0001  8.49990077574647E-0002
 6.08432425541073E-0001  8.26355797131746E-0002
 6.27258293932656E-0001  8.00826890656236E-0002
 6.46084995959815E-0001  7.72767177645922E-0002
 6.64909801889486E-0001  7.53911330888102E-0002
 6.83735776632733E-0001  7.27679649068637E-0002
 7.02559771525159E-0001  7.07672953367297E-0002
 7.21383940042409E-0001  6.79393622971050E-0002
 7.40206710286890E-0001  6.55624239758011E-0002
 7.59029151209029E-0001  6.33667676075562E-0002
 7.77852570244269E-0001  6.12470769144782E-0002
 7.96674916929021E-0001  5.80809203703685E-0002
 8.15498053951734E-0001  5.66260070234155E-0002
 8.34320543697928E-0001  5.38998587192593E-0002
 8.53142823590453E-0001  5.19261641706841E-0002
 8.71963858077430E-0001  4.95760350500278E-0002
 8.90785572508037E-0001  4.74241758519602E-0002
 9.09606836584130E-0001  4.54173421262850E-0002
 9.28427859809656E-0001  4.37664976660116E-0002
 9.47248641635022E-0001  4.17137402061289E-0002
 9.66068952971157E-0001  3.98861548548649E-0002
 9.84889449425053E-0001  3.82590738984356E-0002
 1.00370927540864E+0000  3.68352584456304E-0002
 1.02252837525655E+0000  3.51694309357878E-0002
 1.04134727927068E+0000  3.37984972712935E-0002
 1.06016597612828E+0000  3.32145062800127E-0002
 1.07898486435681E+0000  3.11583020398896E-0002
 1.09780373941830E+0000  3.01167769599832E-0002
 1.11662268505515E+0000  2.91551448336501E-0002
 1.13544116129461E+0000  2.81624582985688E-0002
 1.15425959791890E+0000  2.64033150732005E-0002
 1.17307768121783E+0000  2.48473405493547E-0002
 1.19189584061038E+0000  2.32680522793500E-0002
 1.21071370048032E+0000  2.19838140367749E-0002
 1.22953146389438E+0000  2.09968710973655E-0002
 1.24834912417763E+0000  1.98442571998196E-0002
 1.26716644641098E+0000  1.98477958048968E-0002
 1.28598408048253E+0000  1.84332250927776E-0002
 1.30480116555591E+0000  1.75994448757318E-0002
 1.32361815616994E+0000  1.66764419737043E-0002
 1.34243501855837E+0000  1.61174037336265E-0002
 1.36125173945861E+0000  1.48760419427160E-0002
 1.38006871545024E+0000  1.51916747353433E-0002
 1.39888530681939E+0000  1.39260395611912E-0002
 1.41770206558835E+0000  1.34184154362351E-0002
 1.43651844773877E+0000  1.21247195113384E-0002
 1.45533487907013E+0000  1.29171563273055E-0002
 1.47415140653410E+0000  1.10630585299079E-0002
 1.49296771165733E+0000  9.80528460536043E-0003
 1.51178379590859E+0000  1.03938042491591E-0002
 1.53059985899976E+0000  1.10311738417349E-0002
 1.54941589106341E+0000  1.17170343932189E-0002
 1.56823194756371E+0000  1.13027616882327E-0002
 1.58704807612279E+0000  1.01596687125124E-0002
 1.60586398862658E+0000  9.60606388668519E-0003
 1.62467984498587E+0000  9.91943752982961E-0003
 1.64349561029566E+0000  8.63089424148448E-0003
 1.66231127018074E+0000  7.76348387973973E-0003
 1.68112699385417E+0000  6.35707292509680E-0003
 1.69994260268864E+0000  6.39267282347437E-0003
 1.71875820390979E+0000  7.48031092673333E-0003
 1.73757367629197E+0000  6.73799537849315E-0003
 1.75638922800155E+0000  5.02203928567477E-0003
 1.77520472287902E+0000  6.35521403133308E-0003
 1.79402021367138E+0000  6.40814590006944E-0003
 1.81283551073239E+0000  7.46698763989219E-0003
 1.83165081292654E+0000  6.00974387737472E-0003
 1.85046610957238E+0000  5.27442039696615E-0003
 1.86928130863453E+0000  6.10773910695761E-0003
 1.88809661610653E+0000  7.01048953513540E-0003
 1.90691187687314E+0000  9.42492776544779E-0003
 1.92572710342630E+0000  9.72007065185509E-0003
 1.94454226017420E+0000  1.36127784137480E-0002
 1.96335733207285E+0000  1.00408858132686E-0002
 1.98217237455520E+0000  7.35923924764816E-0003
 2.00098743941082E+0000  5.78639143053642E-0003
 2.01980241138995E+0000  4.29989518221706E-0003
 2.03861738054887E+0000  3.79650079958085E-0003
 2.05743235103230E+0000  6.35850488940546E-0003
 2.07624728932811E+0000  5.32292086236221E-0003
 2.09506224713687E+0000  3.49224416673184E-0003
 2.11387711734780E+0000  1.00407067739187E-0003
 2.13269200724764E+0000  1.89239412522197E-0003
 2.15150690568827E+0000 -2.12511512893480E-0004
 2.17032172018293E+0000  1.50063312582126E-0003
 2.18913658603926E+0000  1.50226183860488E-0003
 2.20795142391476E+0000  2.13363821776342E-0003
 2.22676624550716E+0000  2.63605786596246E-0003
 2.24558101446513E+0000  2.65999221301615E-0003
 2.26439577408163E+0000  2.07351235872615E-0003
 2.28321051501815E+0000 -1.40233169085373E-0003
 2.30202523455172E+0000  7.37905392251528E-0005
 2.32083992771739E+0000 -7.36998996111507E-0004
 2.33965462768484E+0000 -1.16969729513450E-0003
 2.35846933828402E+0000 -1.00731229740771E-0003
 2.37728402569800E+0000 -1.49919258401392E-0003
 2.39609869771641E+0000  9.01881756900407E-0004
 2.41491333601985E+0000  8.14727229165979E-0004
 2.43372796207930E+0000 -1.95534353575314E-0003
 2.45254260786555E+0000 -1.16348666505523E-0003
 2.47135721709350E+0000 -1.96233589044361E-0003
 2.49017184971048E+0000 -8.15780668893299E-0004
 2.50898646423567E+0000 -1.08029900083555E-0003
 2.52780107194739E+0000 -1.08210603176709E-0003
 2.54661566693278E+0000 -2.82200223492274E-0003
 2.56543025864523E+0000  3.08111848635538E-0004
 2.58424483754445E+0000 -7.08636143616886E-0004
 2.60305940071186E+0000 -4.76838096738880E-0004
 2.62187394299292E+0000 -2.50328346127521E-0003
 2.64068849737328E+0000 -3.80624967459855E-0005
 2.65950304372436E+0000 -1.68210930278985E-0003
 2.67831757385408E+0000 -2.85877914718698E-0003
 2.69713209525674E+0000 -2.76538711281103E-0003
 2.71594661021262E+0000 -2.52012018601170E-0003
 2.73476111726882E+0000  1.17634352289340E-0003
 2.75357562910012E+0000 -2.37132034205690E-0003
 2.77239012838993E+0000 -8.82711645807471E-0004
 2.79120463739239E+0000  1.82538414268046E-0003
 2.81001913354407E+0000 -3.37775877373956E-0004
 2.82883362790100E+0000  2.35019506524953E-0004
 2.84764811433757E+0000 -6.25708695404199E-0004
 2.86646260210336E+0000  3.89803228984212E-0004
 2.88527708146302E+0000  1.44984239189143E-0003
 2.90409154931111E+0000  1.73619349092842E-0003
 2.92290601328056E+0000 -1.34886321112963E-0004
 2.94172047970306E+0000 -7.69266967070312E-0004
 2.96053494182546E+0000 -1.70426515659089E-0003
 2.97934940268371E+0000 -4.33530800903853E-0004
 2.99816385726909E+0000 -9.17114122985766E-0004
 3.01697830777828E+0000 -2.41260280535300E-0004
