#
# Device : FPGA
# Correlation : A-A fast (Vers. 1.22)
# Total Time   : 120.082 sec
# Total Counts: 11867293
# Counts / sec: 98827
-4.60205999132796E+0000 -1.00000000000000E+0000
-4.30102999566398E+0000  4.12068215645855E-0001
-4.12493873660830E+0000  1.45582271119144E+0000
-4.00000000000000E+0000  8.96172758555992E-0001
-3.90308998699194E+0000  7.45320681232232E-0001
-3.82390874094432E+0000  6.34065995269506E-0001
-3.75696195131371E+0000  5.90716913344255E-0001
-3.69897000433602E+0000  5.52142710644405E-0001
-3.64781748188864E+0000  5.42320102236117E-0001
-3.60205999132796E+0000  5.22640778809940E-0001
-3.56066730616974E+0000  5.09543967479580E-0001
-3.52287874528034E+0000  4.85737784117394E-0001
-3.48811663902113E+0000  5.04939620261435E-0001
-3.45593195564972E+0000  4.98698171270157E-0001
-3.42596873227228E+0000  4.97709089451731E-0001
-3.39794000867204E+0000  4.80928799822893E-0001
-3.34678748622466E+0000  4.74909041952214E-0001
-3.30102999566398E+0000  4.79922665784489E-0001
-3.25963731050576E+0000  4.80417207466644E-0001
-3.22184874961636E+0000  4.72027063098766E-0001
-3.18708664335714E+0000  4.70952715877889E-0001
-3.15490195998574E+0000  4.75352426668725E-0001
-3.12493873660830E+0000  4.74499770271371E-0001
-3.09691001300806E+0000  4.70202379544748E-0001
-3.07058107428571E+0000  4.65546872869350E-0001
-3.04575749056068E+0000  4.71225569184357E-0001
-3.01099538430146E+0000  4.70458178791309E-0001
-2.97881070093006E+0000  4.65637825391733E-0001
-2.94884747755262E+0000  4.70446811867937E-0001
-2.92081875395238E+0000  4.67070291007494E-0001
-2.89448981523003E+0000  4.67320404648302E-0001
-2.86966623150499E+0000  4.67331774324964E-0001
-2.83863199776503E+0000  4.63287339098001E-0001
-2.80966830182971E+0000  4.62630794413220E-0001
-2.78251605578609E+0000  4.67363042081453E-0001
-2.75696195131371E+0000  4.62681956270400E-0001
-2.73282827159699E+0000  4.64012102438851E-0001
-2.70996538863748E+0000  4.65427514311537E-0001
-2.68298189895189E+0000  4.68786984500009E-0001
-2.65757731917779E+0000  4.67586444942031E-0001
-2.63357704277403E+0000  4.66140340158974E-0001
-2.61083391563547E+0000  4.63063955143523E-0001
-2.58502665202918E+0000  4.61732675136383E-0001
-2.56066730616974E+0000  4.66712193993358E-0001
-2.53760200210104E+0000  4.62596704575511E-0001
-2.51215487988856E+0000  4.62696589387452E-0001
-2.48811663902113E+0000  4.63018165027333E-0001
-2.46533942417156E+0000  4.67890493048923E-0001
-2.44069198909299E+0000  4.60904189197327E-0001
-2.41736856051036E+0000  4.62899409088893E-0001
-2.39523411529611E+0000  4.65994556562151E-0001
-2.37161106994969E+0000  4.62272711344620E-0001
-2.34920696034807E+0000  4.62541774749871E-0001
-2.32790214206428E+0000  4.64345620827612E-0001
-2.30539480106643E+0000  4.63002594296237E-0001
-2.28399665636520E+0000  4.61450761523342E-0001
-2.26161587648784E+0000  4.64700473412359E-0001
-2.24033215531037E+0000  4.68309541504504E-0001
-2.21824462534753E+0000  4.63108337172056E-0001
-2.19722627470802E+0000  4.62775804577274E-0001
-2.17554872996339E+0000  4.64264023040045E-0001
-2.15335367142288E+0000  4.66567700536939E-0001
-2.13223797534980E+0000  4.64691859282356E-0001
-2.11069829749369E+0000  4.62079485031230E-0001
-2.08884239126002E+0000  4.62387867539725E-0001
-2.06803388527183E+0000  4.63767045216978E-0001
-2.04696554274964E+0000  4.59805079008952E-0001
-2.02571864112217E+0000  4.62003713685653E-0001
-2.00436480540245E+0000  4.60368213497245E-0001
-1.98401189461587E+0000  4.60874428319319E-0001
-1.96357073437333E+0000  4.61805535937388E-0001
-1.94309514866353E+0000  4.60877689006583E-0001
-1.92263209471584E+0000  4.59834205828960E-0001
-1.90222226546072E+0000  4.59845334433513E-0001
-1.88190068792201E+0000  4.57719630506571E-0001
-1.86169730183372E+0000  4.58144602394301E-0001
-1.84163750790475E+0000  4.58219434227925E-0001
-1.82102305270683E+0000  4.58991331662631E-0001
-1.80065628131061E+0000  4.57754357607026E-0001
-1.78054646292319E+0000  4.58027765828235E-0001
-1.76007518673785E+0000  4.57177179000140E-0001
-1.73992861201493E+0000  4.58769235533507E-0001
-1.72010501998836E+0000  4.56344416619267E-0001
-1.70005709997723E+0000  4.57964141740240E-0001
-1.67985371388895E+0000  4.56428173684250E-0001
-1.66005193830565E+0000  4.53005635772314E-0001
-1.64016451766011E+0000  4.54351961316814E-0001
-1.62024138415730E+0000  4.55109044919550E-0001
-1.60032627851896E+0000  4.53742603808049E-0001
-1.58045727529972E+0000  4.55785528226444E-0001
-1.56066730616974E+0000  4.52814415925773E-0001
-1.54098466769817E+0000  4.52495205226429E-0001
-1.52143350440616E+0000  4.52573969810030E-0001
-1.50168944621040E+0000  4.52058209560373E-0001
-1.48214458106997E+0000  4.51850061119578E-0001
-1.46249572515211E+0000  4.51810276032546E-0001
-1.44279366023447E+0000  4.51025483773136E-0001
-1.42337075155237E+0000  4.50793251496778E-0001
-1.40395299245456E+0000  4.49441759985866E-0001
-1.38457604711406E+0000  4.46882223954749E-0001
-1.36501919994877E+0000  4.48382051115987E-0001
-1.34558278508629E+0000  4.48428644456436E-0001
-1.32628809116303E+0000  4.46577268157925E-0001
-1.30693290607577E+0000  4.46144155728312E-0001
-1.28756076335481E+0000  4.43972986667147E-0001
-1.26820984622542E+0000  4.43806934198447E-0001
-1.24891344511398E+0000  4.43713952542873E-0001
-1.22951619056889E+0000  4.42508943897624E-0001
-1.21024306771471E+0000  4.41470799638621E-0001
-1.19094557277706E+0000  4.41254524069313E-0001
-1.17166239994100E+0000  4.41468637108671E-0001
-1.15242734085789E+0000  4.38239198471219E-0001
-1.13312218566250E+0000  4.37774306934344E-0001
-1.11393249508050E+0000  4.37362148123649E-0001
-1.09474395125155E+0000  4.37179251383065E-0001
-1.07559147885848E+0000  4.35850470516336E-0001
-1.05638184153594E+0000  4.34759813645403E-0001
-1.03727560682398E+0000  4.33608506014349E-0001
-1.01818139282934E+0000  4.31262305573914E-0001
-9.99023935077441E-0001  4.31939768514763E-0001
-9.79845968361667E-0001  4.29422963485564E-0001
-9.60685046135837E-0001  4.28932276280837E-0001
-9.41573975542995E-0001  4.27472802165146E-0001
-9.22450419548206E-0001  4.25432839021489E-0001
-9.03350641885376E-0001  4.24530386873584E-0001
-8.84306298117247E-0001  4.23765628346782E-0001
-8.65265236403602E-0001  4.22088768554181E-0001
-8.46185135655471E-0001  4.19475556257032E-0001
-8.27105302247824E-0001  4.17787704461452E-0001
-8.08060190343492E-0001  4.17540341269625E-0001
-7.89013026167855E-0001  4.15521955691983E-0001
-7.69998376737235E-0001  4.14264503071053E-0001
-7.50985186099075E-0001  4.11995020688435E-0001
-7.32007409634418E-0001  4.10736051599697E-0001
-7.13038569232738E-0001  4.08399887766889E-0001
-6.94057790155409E-0001  4.06265813265680E-0001
-6.75049122352311E-0001  4.05225783702478E-0001
-6.56050106562198E-0001  4.02754636553370E-0001
-6.37093616496864E-0001  4.00973206880767E-0001
-6.18118132344074E-0001  3.98109465308656E-0001
-5.99159922716575E-0001  3.95986698400639E-0001
-5.80209413893637E-0001  3.93130809511071E-0001
-5.61259930071433E-0001  3.91198644071315E-0001
-5.42307297118664E-0001  3.89280882319866E-0001
-5.23349485999686E-0001  3.86064836044768E-0001
-5.04420975781124E-0001  3.83827159846481E-0001
-4.85485451551046E-0001  3.81011239337428E-0001
-4.66545710329176E-0001  3.78198982659698E-0001
-4.47636018213315E-0001  3.75095539028155E-0001
-4.28728010959313E-0001  3.72445595342894E-0001
-4.09827168403686E-0001  3.69147609745954E-0001
-3.90912741513470E-0001  3.66110468539699E-0001
-3.71994440121916E-0001  3.63180363665926E-0001
-3.53081895435309E-0001  3.60864105287425E-0001
-3.34184572009065E-0001  3.56602587995156E-0001
-3.15289254613907E-0001  3.53434128264736E-0001
-2.96386245658269E-0001  3.49623909485741E-0001
-2.77489474109127E-0001  3.46313279229316E-0001
-2.58592313858698E-0001  3.43114025478070E-0001
-2.39709483733114E-0001  3.39196163203918E-0001
-2.20818523132100E-0001  3.35304197343575E-0001
-2.01936635890882E-0001  3.31210655777651E-0001
-1.83063060172214E-0001  3.27710834096794E-0001
-1.64182645706527E-0001  3.23214982080605E-0001
-1.45314495980018E-0001  3.19879743049189E-0001
-1.26446906486381E-0001  3.15223313149432E-0001
-1.07585362273209E-0001  3.11140036828726E-0001
-8.87225105576066E-0002  3.06933922121874E-0001
-6.98536019828826E-0002  3.02240245619516E-0001
-5.09883358859775E-0002  2.98120850540332E-0001
-3.21245544519669E-0002  2.93472343847770E-0001
-1.32618465022477E-0002  2.88889740429167E-0001
 5.59872720033459E-0003  2.83797105175027E-0001
 2.44548801370781E-0002  2.79723676376070E-0001
 4.33131469071110E-0002  2.75372389528017E-0001
 6.21681733517829E-0002  2.69363230850106E-0001
 8.10230864513338E-0002  2.65325186630692E-0001
 9.98704739906551E-0002  2.59969787478842E-0001
 1.18719290030396E-0001  2.54489380230056E-0001
 1.37567724116282E-0001  2.50100664970892E-0001
 1.56412845064438E-0001  2.45355266562691E-0001
 1.75258062563414E-0001  2.39580608778507E-0001
 1.94097885578952E-0001  2.35364529196392E-0001
 2.12939641192905E-0001  2.30062798088088E-0001
 2.31781691135814E-0001  2.25089239013116E-0001
 2.50621243849257E-0001  2.20243763299123E-0001
 2.69460405417291E-0001  2.14972172065521E-0001
 2.88299539989167E-0001  2.09709077024144E-0001
 3.07137543559757E-0001  2.05071420986487E-0001
 3.25972089420420E-0001  1.99915568190944E-0001
 3.44809663896866E-0001  1.94549441529841E-0001
 3.63644879743067E-0001  1.90202766678177E-0001
 3.82480823188826E-0001  1.84725589371536E-0001
 4.01314362691788E-0001  1.80360447290495E-0001
 4.20145607612628E-0001  1.75099532741531E-0001
 4.38977216539066E-0001  1.70812078749538E-0001
 4.57806229082977E-0001  1.66187861941710E-0001
 4.76636021575915E-0001  1.61697009791186E-0001
 4.95464547684665E-0001  1.57103167077686E-0001
 5.14295336961889E-0001  1.53353320541317E-0001
 5.33123563378422E-0001  1.49382313437291E-0001
 5.51952927087133E-0001  1.45593730380263E-0001
 5.70779285862342E-0001  1.41726153359785E-0001
 5.89606160800964E-0001  1.38214931072738E-0001
 6.08432425541073E-0001  1.33799006760634E-0001
 6.27258293932656E-0001  1.29622272668833E-0001
 6.46084995959815E-0001  1.25968351854776E-0001
 6.64909801889486E-0001  1.22375972782977E-0001
 6.83735776632733E-0001  1.18634270594583E-0001
 7.02559771525159E-0001  1.15326994535676E-0001
 7.21383940042409E-0001  1.11396913930891E-0001
 7.40206710286890E-0001  1.08362130293411E-0001
 7.59029151209029E-0001  1.04696796545431E-0001
 7.77852570244269E-0001  1.01351119833223E-0001
 7.96674916929021E-0001  9.83247477786534E-0002
 8.15498053951734E-0001  9.48306688895501E-0002
 8.34320543697928E-0001  9.18092918951093E-0002
 8.53142823590453E-0001  8.88273260331727E-0002
 8.71963858077430E-0001  8.64499462613961E-0002
 8.90785572508037E-0001  8.31489195192368E-0002
 9.09606836584130E-0001  8.00789298603255E-0002
 9.28427859809656E-0001  7.75430536623108E-0002
 9.47248641635022E-0001  7.42819087126823E-0002
 9.66068952971157E-0001  7.13777430452163E-0002
 9.84889449425053E-0001  6.74785862358703E-0002
 1.00370927540864E+0000  6.44887328861491E-0002
 1.02252837525655E+0000  6.11615655067747E-0002
 1.04134727927068E+0000  5.76945382352228E-0002
 1.06016597612828E+0000  5.48713284532811E-0002
 1.07898486435681E+0000  5.25826457315636E-0002
 1.09780373941830E+0000  4.91150862397214E-0002
 1.11662268505515E+0000  4.62447674222083E-0002
 1.13544116129461E+0000  4.32125039117687E-0002
 1.15425959791890E+0000  3.93324653871159E-0002
 1.17307768121783E+0000  3.88974637468710E-0002
 1.19189584061038E+0000  3.53688069790071E-0002
 1.21071370048032E+0000  3.49209284502492E-0002
 1.22953146389438E+0000  3.33216874923890E-0002
 1.24834912417763E+0000  3.29531610270185E-0002
 1.26716644641098E+0000  3.12400371860857E-0002
 1.28598408048253E+0000  2.99196449436944E-0002
 1.30480116555591E+0000  2.90583814809885E-0002
 1.32361815616994E+0000  2.61966649527767E-0002
 1.34243501855837E+0000  2.51597162646167E-0002
 1.36125173945861E+0000  2.45774178903372E-0002
 1.38006871545024E+0000  2.27735078678490E-0002
 1.39888530681939E+0000  2.22444044468044E-0002
 1.41770206558835E+0000  2.07217553441143E-0002
 1.43651844773877E+0000  2.15014400363978E-0002
 1.45533487907013E+0000  1.88264292929545E-0002
 1.47415140653410E+0000  1.72438224266436E-0002
 1.49296771165733E+0000  1.76258349646723E-0002
 1.51178379590859E+0000  1.84724875037699E-0002
 1.53059985899976E+0000  1.74086567132544E-0002
 1.54941589106341E+0000  1.53069091273448E-0002
 1.56823194756371E+0000  1.41565325621084E-0002
 1.58704807612279E+0000  1.14098007699620E-0002
 1.60586398862658E+0000  1.17910256438408E-0002
 1.62467984498587E+0000  1.25622647580632E-0002
 1.64349561029566E+0000  1.44413945390712E-0002
 1.66231127018074E+0000  1.39652954239461E-0002
 1.68112699385417E+0000  1.31405867668109E-0002
 1.69994260268864E+0000  1.17982455671971E-0002
 1.71875820390979E+0000  1.17451006116022E-0002
 1.73757367629197E+0000  1.43259436709871E-0002
 1.75638922800155E+0000  1.41405689344465E-0002
 1.77520472287902E+0000  1.37911488487696E-0002
 1.79402021367138E+0000  1.32104977974263E-0002
 1.81283551073239E+0000  1.26429999727859E-0002
 1.83165081292654E+0000  1.11042704441885E-0002
 1.85046610957238E+0000  1.01764277613012E-0002
 1.86928130863453E+0000  6.33069655856016E-0003
 1.88809661610653E+0000  6.94232859153167E-0003
 1.90691187687314E+0000  6.77249696126247E-0003
 1.92572710342630E+0000  7.44234674706918E-0003
 1.94454226017420E+0000  5.44401161829457E-0003
 1.96335733207285E+0000  5.94405925329711E-0003
 1.98217237455520E+0000  5.69539097188471E-0003
 2.00098743941082E+0000  6.95811331869726E-0003
 2.01980241138995E+0000  8.98059082282213E-0003
 2.03861738054887E+0000  8.29550848094879E-0003
 2.05743235103230E+0000  7.01922441664658E-0003
 2.07624728932811E+0000  4.20561485325353E-0003
 2.09506224713687E+0000  6.71510485705858E-0003
 2.11387711734780E+0000  5.03106452726647E-0003
 2.13269200724764E+0000  1.52383094407769E-0003
 2.15150690568827E+0000  4.01595846214429E-0003
 2.17032172018293E+0000  6.89076364055184E-0003
 2.18913658603926E+0000  4.41100011630265E-0003
 2.20795142391476E+0000  6.31553786946842E-0003
 2.22676624550716E+0000  5.67662464243575E-0003
 2.24558101446513E+0000  3.93335769038199E-0003
 2.26439577408163E+0000  7.48559381416029E-0004
 2.28321051501815E+0000 -2.19562752083280E-0004
 2.30202523455172E+0000  2.24223202706273E-0003
 2.32083992771739E+0000 -6.86955219069080E-0005
 2.33965462768484E+0000  2.09554797663165E-0003
 2.35846933828402E+0000  2.66964683441422E-0003
 2.37728402569800E+0000 -4.52383257075599E-0004
 2.39609869771641E+0000  3.92077709681373E-0003
 2.41491333601985E+0000  3.22911152241497E-0003
 2.43372796207930E+0000  1.12238733416536E-0004
 2.45254260786555E+0000  4.95808484133678E-0003
 2.47135721709350E+0000  2.68688074372772E-0003
 2.49017184971048E+0000  4.25217669490343E-0003
 2.50898646423567E+0000 -2.55526097975222E-0004
 2.52780107194739E+0000  1.26752595257842E-0004
 2.54661566693278E+0000 -1.75938278391979E-0003
 2.56543025864523E+0000  4.59821334053398E-0004
 2.58424483754445E+0000 -2.40365523741185E-0003
 2.60305940071186E+0000 -1.89233533642066E-0003
 2.62187394299292E+0000 -1.61287513542680E-0003
 2.64068849737328E+0000  3.35474579200965E-0003
 2.65950304372436E+0000 -3.60977337015868E-0003
 2.67831757385408E+0000  1.44073249810933E-0003
 2.69713209525674E+0000 -4.86290282813307E-0004
 2.71594661021262E+0000 -2.46899302672313E-0003
 2.73476111726882E+0000 -1.83146753618776E-0004
 2.75357562910012E+0000  8.40073812286625E-0004
 2.77239012838993E+0000  3.29775246865190E-0004
 2.79120463739239E+0000  2.29395131223404E-0005
 2.81001913354407E+0000  3.08808050482066E-0003
 2.82883362790100E+0000 -5.68701588449153E-0004
 2.84764811433757E+0000 -2.24840238174139E-0003
 2.86646260210336E+0000 -4.91074947798270E-0003
 2.88527708146302E+0000  1.25558515740230E-0004
 2.90409154931111E+0000  2.29762379800559E-0003
 2.92290601328056E+0000  1.62276160541075E-0003
 2.94172047970306E+0000  2.64090722504337E-0004
 2.96053494182546E+0000 -1.36040171768037E-0003
 2.97934940268371E+0000  1.96243739159032E-0004
 2.99816385726909E+0000 -3.43081045637764E-0004
 3.01697830777828E+0000 -3.37318088646021E-0003
