#
# Device : FPGA
# Correlation : A-A fast (Vers. 1.22)
# Total Time   : 120.057 sec
# Total Counts: 18976213
# Counts / sec: 158059
-4.60205999132796E+0000 -1.00000000000000E+0000
-4.30102999566398E+0000  4.99002723558405E-0002
-4.12493873660830E+0000  8.64617869706882E-0001
-4.00000000000000E+0000  4.78456852146873E-0001
-3.90308998699194E+0000  3.86290849015163E-0001
-3.82390874094432E+0000  3.11581841725191E-0001
-3.75696195131371E+0000  2.93791442831819E-0001
-3.69897000433602E+0000  2.61611358245402E-0001
-3.64781748188864E+0000  2.61984770184925E-0001
-3.60205999132796E+0000  2.48075185483517E-0001
-3.56066730616974E+0000  2.48728656178104E-0001
-3.52287874528034E+0000  2.27724249604254E-0001
-3.48811663902113E+0000  2.33098710784235E-0001
-3.45593195564972E+0000  2.25230393557104E-0001
-3.42596873227228E+0000  2.34285626986277E-0001
-3.39794000867204E+0000  2.21229554667111E-0001
-3.34678748622466E+0000  2.17335404824504E-0001
-3.30102999566398E+0000  2.21249559881333E-0001
-3.25963731050576E+0000  2.21396257834804E-0001
-3.22184874961636E+0000  2.19155788275597E-0001
-3.18708664335714E+0000  2.17975541157801E-0001
-3.15490195998574E+0000  2.18188919766928E-0001
-3.12493873660830E+0000  2.20609428118479E-0001
-3.09691001300806E+0000  2.11834254179680E-0001
-3.07058107428571E+0000  2.10820708699171E-0001
-3.04575749056068E+0000  2.13794666503351E-0001
-3.01099538430146E+0000  2.16250738127422E-0001
-2.97881070093006E+0000  2.15912890224920E-0001
-2.94884747755262E+0000  2.13423479787084E-0001
-2.92081875395238E+0000  2.13828009864945E-0001
-2.89448981523003E+0000  2.14779321331998E-0001
-2.86966623150499E+0000  2.17588800447508E-0001
-2.83863199776503E+0000  2.09073681530319E-0001
-2.80966830182971E+0000  2.11570873153649E-0001
-2.78251605578609E+0000  2.13567959850898E-0001
-2.75696195131371E+0000  2.12921158484739E-0001
-2.73282827159699E+0000  2.12667772996614E-0001
-2.70996538863748E+0000  2.11137452916330E-0001
-2.68298189895189E+0000  2.10171251448685E-0001
-2.65757731917779E+0000  2.10115240956234E-0001
-2.63357704277403E+0000  2.14188096790938E-0001
-2.61083391563547E+0000  2.13355923445648E-0001
-2.58502665202918E+0000  2.13567969453718E-0001
-2.56066730616974E+0000  2.14621525365977E-0001
-2.53760200210104E+0000  2.11954300561146E-0001
-2.51215487988856E+0000  2.13671805565685E-0001
-2.48811663902113E+0000  2.13233620151966E-0001
-2.46533942417156E+0000  2.11892388106727E-0001
-2.44069198909299E+0000  2.09682164442769E-0001
-2.41736856051036E+0000  2.11485878272349E-0001
-2.39523411529611E+0000  2.10290629483610E-0001
-2.37161106994969E+0000  2.13629480517645E-0001
-2.34920696034807E+0000  2.13976222218570E-0001
-2.32790214206428E+0000  2.10492530505946E-0001
-2.30539480106643E+0000  2.14285477101032E-0001
-2.28399665636520E+0000  2.12859847132959E-0001
-2.26161587648784E+0000  2.12374414710016E-0001
-2.24033215531037E+0000  2.12666600013842E-0001
-2.21824462534753E+0000  2.12780061197037E-0001
-2.19722627470802E+0000  2.12851190264845E-0001
-2.17554872996339E+0000  2.12688338858852E-0001
-2.15335367142288E+0000  2.11766683772312E-0001
-2.13223797534980E+0000  2.13039335340486E-0001
-2.11069829749369E+0000  2.13451997161397E-0001
-2.08884239126002E+0000  2.10983316433341E-0001
-2.06803388527183E+0000  2.12800368485656E-0001
-2.04696554274964E+0000  2.12652939875311E-0001
-2.02571864112217E+0000  2.12463362147172E-0001
-2.00436480540245E+0000  2.13053198343402E-0001
-1.98401189461587E+0000  2.11439531117264E-0001
-1.96357073437333E+0000  2.11984387365221E-0001
-1.94309514866353E+0000  2.11421258591588E-0001
-1.92263209471584E+0000  2.11109972249195E-0001
-1.90222226546072E+0000  2.11312813775176E-0001
-1.88190068792201E+0000  2.10904183326499E-0001
-1.86169730183372E+0000  2.10419421202374E-0001
-1.84163750790475E+0000  2.11569207582014E-0001
-1.82102305270683E+0000  2.12103026342086E-0001
-1.80065628131061E+0000  2.11154033120133E-0001
-1.78054646292319E+0000  2.11647707545402E-0001
-1.76007518673785E+0000  2.10384116996615E-0001
-1.73992861201493E+0000  2.09565872710320E-0001
-1.72010501998836E+0000  2.09351564142574E-0001
-1.70005709997723E+0000  2.10222257114191E-0001
-1.67985371388895E+0000  2.09964239801337E-0001
-1.66005193830565E+0000  2.10885036771141E-0001
-1.64016451766011E+0000  2.09343385033839E-0001
-1.62024138415730E+0000  2.09454608478004E-0001
-1.60032627851896E+0000  2.09909502594310E-0001
-1.58045727529972E+0000  2.07868430129703E-0001
-1.56066730616974E+0000  2.08663925785024E-0001
-1.54098466769817E+0000  2.07750672233178E-0001
-1.52143350440616E+0000  2.08657907820656E-0001
-1.50168944621040E+0000  2.08110686564590E-0001
-1.48214458106997E+0000  2.07857191412983E-0001
-1.46249572515211E+0000  2.08212958902595E-0001
-1.44279366023447E+0000  2.06957335507560E-0001
-1.42337075155237E+0000  2.06573117320683E-0001
-1.40395299245456E+0000  2.06733958964927E-0001
-1.38457604711406E+0000  2.05983803308049E-0001
-1.36501919994877E+0000  2.06661313704502E-0001
-1.34558278508629E+0000  2.06022425119271E-0001
-1.32628809116303E+0000  2.04612716440918E-0001
-1.30693290607577E+0000  2.04925694706615E-0001
-1.28756076335481E+0000  2.04896567318400E-0001
-1.26820984622542E+0000  2.04015983373898E-0001
-1.24891344511398E+0000  2.03842386257585E-0001
-1.22951619056889E+0000  2.04561143236803E-0001
-1.21024306771471E+0000  2.02903083096339E-0001
-1.19094557277706E+0000  2.02854793243862E-0001
-1.17166239994100E+0000  2.03023100724785E-0001
-1.15242734085789E+0000  2.01992667419524E-0001
-1.13312218566250E+0000  2.01958014905084E-0001
-1.11393249508050E+0000  2.01523529276898E-0001
-1.09474395125155E+0000  2.01102007269763E-0001
-1.07559147885848E+0000  1.99336877123914E-0001
-1.05638184153594E+0000  2.00427116781199E-0001
-1.03727560682398E+0000  1.98758326083957E-0001
-1.01818139282934E+0000  1.98785556733834E-0001
-9.99023935077441E-0001  1.98254323886051E-0001
-9.79845968361667E-0001  1.97744710584683E-0001
-9.60685046135837E-0001  1.96860449664603E-0001
-9.41573975542995E-0001  1.96659579775861E-0001
-9.22450419548206E-0001  1.96449491037664E-0001
-9.03350641885376E-0001  1.95384813752380E-0001
-8.84306298117247E-0001  1.94920032001450E-0001
-8.65265236403602E-0001  1.93867331019900E-0001
-8.46185135655471E-0001  1.93590719331072E-0001
-8.27105302247824E-0001  1.92729633532520E-0001
-8.08060190343492E-0001  1.92338442159011E-0001
-7.89013026167855E-0001  1.91759317808083E-0001
-7.69998376737235E-0001  1.90251447089069E-0001
-7.50985186099075E-0001  1.90177952300865E-0001
-7.32007409634418E-0001  1.89189711411024E-0001
-7.13038569232738E-0001  1.88308426793119E-0001
-6.94057790155409E-0001  1.87519507377341E-0001
-6.75049122352311E-0001  1.86624710158907E-0001
-6.56050106562198E-0001  1.85655836660931E-0001
-6.37093616496864E-0001  1.84714892612295E-0001
-6.18118132344074E-0001  1.83653524043198E-0001
-5.99159922716575E-0001  1.82466562956565E-0001
-5.80209413893637E-0001  1.81429043002462E-0001
-5.61259930071433E-0001  1.80549174044851E-0001
-5.42307297118664E-0001  1.79473158753079E-0001
-5.23349485999686E-0001  1.78020247922794E-0001
-5.04420975781124E-0001  1.76983860176743E-0001
-4.85485451551046E-0001  1.75855204020239E-0001
-4.66545710329176E-0001  1.74135805671709E-0001
-4.47636018213315E-0001  1.73676569468510E-0001
-4.28728010959313E-0001  1.71804318556701E-0001
-4.09827168403686E-0001  1.71088507736292E-0001
-3.90912741513470E-0001  1.69378667487502E-0001
-3.71994440121916E-0001  1.67830911617484E-0001
-3.53081895435309E-0001  1.66286934343173E-0001
-3.34184572009065E-0001  1.64953610912653E-0001
-3.15289254613907E-0001  1.63005483923990E-0001
-2.96386245658269E-0001  1.61392600657679E-0001
-2.77489474109127E-0001  1.59966342095033E-0001
-2.58592313858698E-0001  1.58229247377301E-0001
-2.39709483733114E-0001  1.56581968823879E-0001
-2.20818523132100E-0001  1.54732007625226E-0001
-2.01936635890882E-0001  1.53384954569881E-0001
-1.83063060172214E-0001  1.51394319643438E-0001
-1.64182645706527E-0001  1.49766469730466E-0001
-1.45314495980018E-0001  1.47768072182462E-0001
-1.26446906486381E-0001  1.45508493790342E-0001
-1.07585362273209E-0001  1.43990538288357E-0001
-8.87225105576066E-0002  1.41655767489246E-0001
-6.98536019828826E-0002  1.39684086408686E-0001
-5.09883358859775E-0002  1.37780194717545E-0001
-3.21245544519669E-0002  1.36032967830618E-0001
-1.32618465022477E-0002  1.33420800378130E-0001
 5.59872720033459E-0003  1.31736488893806E-0001
 2.44548801370781E-0002  1.29533619289469E-0001
 4.33131469071110E-0002  1.27351998940375E-0001
 6.21681733517829E-0002  1.25133694199062E-0001
 8.10230864513338E-0002  1.22999078727389E-0001
 9.98704739906551E-0002  1.20885789998100E-0001
 1.18719290030396E-0001  1.18580168434942E-0001
 1.37567724116282E-0001  1.16338744299545E-0001
 1.56412845064438E-0001  1.14139830476634E-0001
 1.75258062563414E-0001  1.11597931001128E-0001
 1.94097885578952E-0001  1.09569432091712E-0001
 2.12939641192905E-0001  1.07721469308632E-0001
 2.31781691135814E-0001  1.05139773932141E-0001
 2.50621243849257E-0001  1.03043238141694E-0001
 2.69460405417291E-0001  1.00681909906171E-0001
 2.88299539989167E-0001  9.84352594735850E-0002
 3.07137543559757E-0001  9.60432784360784E-0002
 3.25972089420420E-0001  9.38282787075566E-0002
 3.44809663896866E-0001  9.16948027943445E-0002
 3.63644879743067E-0001  8.90532521413943E-0002
 3.82480823188826E-0001  8.70916830729635E-0002
 4.01314362691788E-0001  8.47568304802298E-0002
 4.20145607612628E-0001  8.26091687452775E-0002
 4.38977216539066E-0001  7.99305001854392E-0002
 4.57806229082977E-0001  7.79928290753971E-0002
 4.76636021575915E-0001  7.54125241937540E-0002
 4.95464547684665E-0001  7.33210739622286E-0002
 5.14295336961889E-0001  7.09729819017247E-0002
 5.33123563378422E-0001  6.89509342718301E-0002
 5.51952927087133E-0001  6.68263869952938E-0002
 5.70779285862342E-0001  6.46371290604459E-0002
 5.89606160800964E-0001  6.26021166312063E-0002
 6.08432425541073E-0001  6.08826644726282E-0002
 6.27258293932656E-0001  5.87601457154091E-0002
 6.46084995959815E-0001  5.67740861830741E-0002
 6.64909801889486E-0001  5.47147226076868E-0002
 6.83735776632733E-0001  5.27108120201500E-0002
 7.02559771525159E-0001  5.11939147962315E-0002
 7.21383940042409E-0001  4.91859293412141E-0002
 7.40206710286890E-0001  4.73936532893450E-0002
 7.59029151209029E-0001  4.56211547071192E-0002
 7.77852570244269E-0001  4.45040740708202E-0002
 7.96674916929021E-0001  4.27484980762720E-0002
 8.15498053951734E-0001  4.11762143134705E-0002
 8.34320543697928E-0001  3.97284309865217E-0002
 8.53142823590453E-0001  3.84444476956057E-0002
 8.71963858077430E-0001  3.72061582113803E-0002
 8.90785572508037E-0001  3.54342456872986E-0002
 9.09606836584130E-0001  3.41278511641107E-0002
 9.28427859809656E-0001  3.28413938471953E-0002
 9.47248641635022E-0001  3.16676948291584E-0002
 9.66068952971157E-0001  3.05686394151619E-0002
 9.84889449425053E-0001  2.91191674066030E-0002
 1.00370927540864E+0000  2.78329288906693E-0002
 1.02252837525655E+0000  2.69677418326639E-0002
 1.04134727927068E+0000  2.55702973769235E-0002
 1.06016597612828E+0000  2.42515497262931E-0002
 1.07898486435681E+0000  2.32269713245485E-0002
 1.09780373941830E+0000  2.25526265276824E-0002
 1.11662268505515E+0000  2.15771393447456E-0002
 1.13544116129461E+0000  2.08208625015906E-0002
 1.15425959791890E+0000  2.00963439610122E-0002
 1.17307768121783E+0000  1.89858383093825E-0002
 1.19189584061038E+0000  1.83196668963311E-0002
 1.21071370048032E+0000  1.78667334399120E-0002
 1.22953146389438E+0000  1.67092791933027E-0002
 1.24834912417763E+0000  1.62749099782212E-0002
 1.26716644641098E+0000  1.55948507917874E-0002
 1.28598408048253E+0000  1.49142628349112E-0002
 1.30480116555591E+0000  1.40905463682112E-0002
 1.32361815616994E+0000  1.44054806479201E-0002
 1.34243501855837E+0000  1.37086355367684E-0002
 1.36125173945861E+0000  1.31226837915475E-0002
 1.38006871545024E+0000  1.21957743331777E-0002
 1.39888530681939E+0000  1.15359576994845E-0002
 1.41770206558835E+0000  1.10055834547089E-0002
 1.43651844773877E+0000  9.96032669888078E-0003
 1.45533487907013E+0000  1.04000735127085E-0002
 1.47415140653410E+0000  1.00294090689186E-0002
 1.49296771165733E+0000  1.02909492120958E-0002
 1.51178379590859E+0000  1.00855331634158E-0002
 1.53059985899976E+0000  9.98960663987376E-0003
 1.54941589106341E+0000  9.71827431897491E-0003
 1.56823194756371E+0000  8.85246785735938E-0003
 1.58704807612279E+0000  8.86344601850910E-0003
 1.60586398862658E+0000  8.18909726930681E-0003
 1.62467984498587E+0000  7.11878594603712E-0003
 1.64349561029566E+0000  6.82587273560282E-0003
 1.66231127018074E+0000  6.36388437987559E-0003
 1.68112699385417E+0000  5.58065307496721E-0003
 1.69994260268864E+0000  5.18218874068674E-0003
 1.71875820390979E+0000  5.14065621884724E-0003
 1.73757367629197E+0000  4.28662984152500E-0003
 1.75638922800155E+0000  4.06791616093635E-0003
 1.77520472287902E+0000  4.50092173494851E-0003
 1.79402021367138E+0000  3.09131317214225E-0003
 1.81283551073239E+0000  1.93858178291145E-0003
 1.83165081292654E+0000  1.50310777560332E-0003
 1.85046610957238E+0000  1.70914226273525E-0003
 1.86928130863453E+0000  1.20104244490632E-0003
 1.88809661610653E+0000  2.68042530682284E-0003
 1.90691187687314E+0000  1.76289615524944E-0003
 1.92572710342630E+0000  1.62922786836043E-0003
 1.94454226017420E+0000 -8.66227682037217E-0005
 1.96335733207285E+0000  2.36957467421766E-0003
 1.98217237455520E+0000  1.78119593935247E-0003
 2.00098743941082E+0000  1.95679225374706E-0003
 2.01980241138995E+0000  1.96367671935857E-0003
 2.03861738054887E+0000  1.21531963936051E-0003
 2.05743235103230E+0000  2.06293103098295E-0003
 2.07624728932811E+0000  2.84494197960408E-0003
 2.09506224713687E+0000  1.70335258037944E-0003
 2.11387711734780E+0000  1.91757057564651E-0003
 2.13269200724764E+0000  3.23287453144847E-0003
 2.15150690568827E+0000  2.44901574581534E-0003
 2.17032172018293E+0000  1.18275475348257E-0003
 2.18913658603926E+0000  3.73735603544139E-0003
 2.20795142391476E+0000  1.00885476448250E-0003
 2.22676624550716E+0000  3.09457532731326E-0003
 2.24558101446513E+0000  7.06875316884200E-0004
 2.26439577408163E+0000  2.29363842565652E-0003
 2.28321051501815E+0000  6.81158912455089E-0004
 2.30202523455172E+0000  2.71966801781361E-0003
 2.32083992771739E+0000  6.09058686456411E-0005
 2.33965462768484E+0000  1.38084370546777E-0003
 2.35846933828402E+0000  1.23692613571353E-0004
 2.37728402569800E+0000 -1.18979926011202E-0003
 2.39609869771641E+0000  1.57561169620680E-0003
 2.41491333601985E+0000  1.46355523502055E-0003
 2.43372796207930E+0000  7.54102083990923E-0004
 2.45254260786555E+0000  1.68596240264761E-0003
 2.47135721709350E+0000  1.46069349952577E-0003
 2.49017184971048E+0000  1.62395045793180E-0003
 2.50898646423567E+0000  1.68626802014413E-0003
 2.52780107194739E+0000  6.95054995367939E-0004
 2.54661566693278E+0000  1.36366711507874E-0003
 2.56543025864523E+0000  2.73358981403116E-0003
 2.58424483754445E+0000  1.07697118562747E-0003
 2.60305940071186E+0000  2.46440908882634E-0003
 2.62187394299292E+0000  7.15439099434973E-0004
 2.64068849737328E+0000  3.60837444996858E-0003
 2.65950304372436E+0000  1.26808366147774E-0003
 2.67831757385408E+0000  1.48365645540408E-0004
 2.69713209525674E+0000 -6.08071075108788E-0004
 2.71594661021262E+0000  2.42921993333544E-0004
 2.73476111726882E+0000  1.28610927761663E-0004
 2.75357562910012E+0000  1.20327462870568E-0003
 2.77239012838993E+0000  1.85446928975711E-0003
 2.79120463739239E+0000  4.52159365707631E-0004
 2.81001913354407E+0000  2.72839891770912E-0003
 2.82883362790100E+0000 -2.05073046996651E-0003
 2.84764811433757E+0000  3.55523682647608E-0003
 2.86646260210336E+0000 -9.54923160945334E-0005
 2.88527708146302E+0000  2.66331627017362E-0003
 2.90409154931111E+0000  1.60919594835683E-0003
 2.92290601328056E+0000 -1.14308810354087E-0003
 2.94172047970306E+0000  3.07837001197450E-0004
 2.96053494182546E+0000  3.33309436861902E-0003
 2.97934940268371E+0000  1.70062567595409E-0003
 2.99816385726909E+0000  9.75372740640781E-0004
 3.01697830777828E+0000 -2.08498002278768E-0003
