#
# Device : FPGA
# Correlation : A-A fast (Vers. 1.22)
# Total Time   : 120.355 sec
# Total Counts: 3562633
# Counts / sec: 29601
-4.60205999132796E+0000 -1.00000000000000E+0000
-4.30102999566398E+0000  2.44137430099992E+0000
-4.12493873660830E+0000  4.48541333091578E+0000
-4.00000000000000E+0000  2.69322843411849E+0000
-3.90308998699194E+0000  2.14628015480912E+0000
-3.82390874094432E+0000  1.85953057167366E+0000
-3.75696195131371E+0000  1.71501788516935E+0000
-3.69897000433602E+0000  1.54623010155459E+0000
-3.64781748188864E+0000  1.48250797231289E+0000
-3.60205999132796E+0000  1.44799181919565E+0000
-3.56066730616974E+0000  1.39716583522314E+0000
-3.52287874528034E+0000  1.41613075530748E+0000
-3.48811663902113E+0000  1.38123530376313E+0000
-3.45593195564972E+0000  1.35165002969069E+0000
-3.42596873227228E+0000  1.35961529641042E+0000
-3.39794000867204E+0000  1.32396124804850E+0000
-3.34678748622466E+0000  1.30139299467802E+0000
-3.30102999566398E+0000  1.31789247570169E+0000
-3.25963731050576E+0000  1.28925544802969E+0000
-3.22184874961636E+0000  1.27503175925548E+0000
-3.18708664335714E+0000  1.26498035279059E+0000
-3.15490195998574E+0000  1.27313526918080E+0000
-3.12493873660830E+0000  1.28261772995381E+0000
-3.09691001300806E+0000  1.28413492447531E+0000
-3.07058107428571E+0000  1.25246350957020E+0000
-3.04575749056068E+0000  1.26953193821882E+0000
-3.01099538430146E+0000  1.24279140286630E+0000
-2.97881070093006E+0000  1.25176813292408E+0000
-2.94884747755262E+0000  1.21333256370205E+0000
-2.92081875395238E+0000  1.27996264972644E+0000
-2.89448981523003E+0000  1.26339995457425E+0000
-2.86966623150499E+0000  1.21522905981500E+0000
-2.83863199776503E+0000  1.29816897743927E+0000
-2.80966830182971E+0000  1.25123080288493E+0000
-2.78251605578609E+0000  1.24468790742473E+0000
-2.75696195131371E+0000  1.23634334457124E+0000
-2.73282827159699E+0000  1.25265317748371E+0000
-2.70996538863748E+0000  1.28081608532730E+0000
-2.68298189895189E+0000  1.26213564162804E+0000
-2.65757731917779E+0000  1.24658440967113E+0000
-2.63357704277403E+0000  1.24999809758742E+0000
-2.61083391563547E+0000  1.24286729003239E+0000
-2.58502665202918E+0000  1.24942915513000E+0000
-2.56066730616974E+0000  1.27420998669751E+0000
-2.53760200210104E+0000  1.24759588513737E+0000
-2.51215487988856E+0000  1.25774663607527E+0000
-2.48811663902113E+0000  1.22984111413985E+0000
-2.46533942417156E+0000  1.24588002122021E+0000
-2.44069198909299E+0000  1.23520548420449E+0000
-2.41736856051036E+0000  1.23008495948055E+0000
-2.39523411529611E+0000  1.25488159631308E+0000
-2.37161106994969E+0000  1.24468795591628E+0000
-2.34920696034807E+0000  1.25467615144132E+0000
-2.32790214206428E+0000  1.24152714426243E+0000
-2.30539480106643E+0000  1.22894708510683E+0000
-2.28399665636520E+0000  1.23448484648147E+0000
-2.26161587648784E+0000  1.23930883770383E+0000
-2.24033215531037E+0000  1.23892954441155E+0000
-2.21824462534753E+0000  1.23833474112239E+0000
-2.19722627470802E+0000  1.24067375356830E+0000
-2.17554872996339E+0000  1.22840734623668E+0000
-2.15335367142288E+0000  1.24387522535829E+0000
-2.13223797534980E+0000  1.23626217085928E+0000
-2.11069829749369E+0000  1.24486502712048E+0000
-2.08884239126002E+0000  1.23200523785299E+0000
-2.06803388527183E+0000  1.24300489938519E+0000
-2.04696554274964E+0000  1.23192576782234E+0000
-2.02571864112217E+0000  1.23432056227320E+0000
-2.00436480540245E+0000  1.23718194515189E+0000
-1.98401189461587E+0000  1.22009356184980E+0000
-1.96357073437333E+0000  1.22428182420854E+0000
-1.94309514866353E+0000  1.23426641344848E+0000
-1.92263209471584E+0000  1.23824002624237E+0000
-1.90222226546072E+0000  1.23441407016091E+0000
-1.88190068792201E+0000  1.22321034772009E+0000
-1.86169730183372E+0000  1.22673973119463E+0000
-1.84163750790475E+0000  1.21641582332425E+0000
-1.82102305270683E+0000  1.23225258804587E+0000
-1.80065628131061E+0000  1.21591380733350E+0000
-1.78054646292319E+0000  1.21969241839000E+0000
-1.76007518673785E+0000  1.21312345819064E+0000
-1.73992861201493E+0000  1.21870052544840E+0000
-1.72010501998836E+0000  1.21335148640548E+0000
-1.70005709997723E+0000  1.21224769487506E+0000
-1.67985371388895E+0000  1.20659871617057E+0000
-1.66005193830565E+0000  1.21071675848422E+0000
-1.64016451766011E+0000  1.21244793439909E+0000
-1.62024138415730E+0000  1.20967819326678E+0000
-1.60032627851896E+0000  1.20489572086293E+0000
-1.58045727529972E+0000  1.21110834651280E+0000
-1.56066730616974E+0000  1.20466852977930E+0000
-1.54098466769817E+0000  1.20487694721852E+0000
-1.52143350440616E+0000  1.20208534586396E+0000
-1.50168944621040E+0000  1.19994478869338E+0000
-1.48214458106997E+0000  1.19036379127745E+0000
-1.46249572515211E+0000  1.19440348741937E+0000
-1.44279366023447E+0000  1.19562273199468E+0000
-1.42337075155237E+0000  1.19179367898721E+0000
-1.40395299245456E+0000  1.19033348607840E+0000
-1.38457604711406E+0000  1.19023823611638E+0000
-1.36501919994877E+0000  1.18059222117078E+0000
-1.34558278508629E+0000  1.18950798358000E+0000
-1.32628809116303E+0000  1.18422301859410E+0000
-1.30693290607577E+0000  1.18042856614376E+0000
-1.28756076335481E+0000  1.17658789052155E+0000
-1.26820984622542E+0000  1.17490198230239E+0000
-1.24891344511398E+0000  1.16890662226056E+0000
-1.22951619056889E+0000  1.16776869778156E+0000
-1.21024306771471E+0000  1.16853863157582E+0000
-1.19094557277706E+0000  1.15969910044464E+0000
-1.17166239994100E+0000  1.15664647070761E+0000
-1.15242734085789E+0000  1.15175481154515E+0000
-1.13312218566250E+0000  1.15318049333116E+0000
-1.11393249508050E+0000  1.14772575097937E+0000
-1.09474395125155E+0000  1.14645102732192E+0000
-1.07559147885848E+0000  1.14487896444047E+0000
-1.05638184153594E+0000  1.14077415665862E+0000
-1.03727560682398E+0000  1.13572283904263E+0000
-1.01818139282934E+0000  1.13651137921801E+0000
-9.99023935077441E-0001  1.13127066271062E+0000
-9.79845968361667E-0001  1.12700035259794E+0000
-9.60685046135837E-0001  1.12336248789212E+0000
-9.41573975542995E-0001  1.12140636385807E+0000
-9.22450419548206E-0001  1.11728254556029E+0000
-9.03350641885376E-0001  1.11554690927436E+0000
-8.84306298117247E-0001  1.11158521754427E+0000
-8.65265236403602E-0001  1.10566281397455E+0000
-8.46185135655471E-0001  1.10121958706395E+0000
-8.27105302247824E-0001  1.10099416958346E+0000
-8.08060190343492E-0001  1.09477680211193E+0000
-7.89013026167855E-0001  1.08576466792779E+0000
-7.69998376737235E-0001  1.08109068421577E+0000
-7.50985186099075E-0001  1.07798680185244E+0000
-7.32007409634418E-0001  1.07214739228747E+0000
-7.13038569232738E-0001  1.06557641552774E+0000
-6.94057790155409E-0001  1.06194296566653E+0000
-6.75049122352311E-0001  1.05405527383054E+0000
-6.56050106562198E-0001  1.04830437327755E+0000
-6.37093616496864E-0001  1.04195487422044E+0000
-6.18118132344074E-0001  1.03587714039936E+0000
-5.99159922716575E-0001  1.02925945498421E+0000
-5.80209413893637E-0001  1.02276387744224E+0000
-5.61259930071433E-0001  1.01493550687665E+0000
-5.42307297118664E-0001  1.00994721569834E+0000
-5.23349485999686E-0001  1.00158481648273E+0000
-5.04420975781124E-0001  9.93998135338491E-0001
-4.85485451551046E-0001  9.87674433426988E-0001
-4.66545710329176E-0001  9.78137805272353E-0001
-4.47636018213315E-0001  9.71575173190970E-0001
-4.28728010959313E-0001  9.65210779076814E-0001
-4.09827168403686E-0001  9.53297489336965E-0001
-3.90912741513470E-0001  9.45478371798680E-0001
-3.71994440121916E-0001  9.38414932288784E-0001
-3.53081895435309E-0001  9.27386789594203E-0001
-3.34184572009065E-0001  9.18319811563120E-0001
-3.15289254613907E-0001  9.10660261840850E-0001
-2.96386245658269E-0001  8.99459866982420E-0001
-2.77489474109127E-0001  8.89805773266006E-0001
-2.58592313858698E-0001  8.81416291422475E-0001
-2.39709483733114E-0001  8.69615996737913E-0001
-2.20818523132100E-0001  8.62978545670954E-0001
-2.01936635890882E-0001  8.50155533636657E-0001
-1.83063060172214E-0001  8.40152722252984E-0001
-1.64182645706527E-0001  8.29864263623419E-0001
-1.45314495980018E-0001  8.17801930578069E-0001
-1.26446906486381E-0001  8.08236180000206E-0001
-1.07585362273209E-0001  7.96370830143464E-0001
-8.87225105576066E-0002  7.85990019278877E-0001
-6.98536019828826E-0002  7.76145647829449E-0001
-5.09883358859775E-0002  7.62139521746453E-0001
-3.21245544519669E-0002  7.51680985447745E-0001
-1.32618465022477E-0002  7.38707484615844E-0001
 5.59872720033459E-0003  7.28510795402951E-0001
 2.44548801370781E-0002  7.17420196860345E-0001
 4.33131469071110E-0002  7.05434328965716E-0001
 6.21681733517829E-0002  6.94949310151435E-0001
 8.10230864513338E-0002  6.80873019059158E-0001
 9.98704739906551E-0002  6.69552193139286E-0001
 1.18719290030396E-0001  6.57771361821658E-0001
 1.37567724116282E-0001  6.45710722896414E-0001
 1.56412845064438E-0001  6.32686549905207E-0001
 1.75258062563414E-0001  6.21808214286776E-0001
 1.94097885578952E-0001  6.10927336560657E-0001
 2.12939641192905E-0001  5.98803937948985E-0001
 2.31781691135814E-0001  5.84156804049295E-0001
 2.50621243849257E-0001  5.74787561872265E-0001
 2.69460405417291E-0001  5.62396852523936E-0001
 2.88299539989167E-0001  5.50399371312762E-0001
 3.07137543559757E-0001  5.40072245840174E-0001
 3.25972089420420E-0001  5.28534969861283E-0001
 3.44809663896866E-0001  5.18992248318546E-0001
 3.63644879743067E-0001  5.06973598961690E-0001
 3.82480823188826E-0001  4.96719783672232E-0001
 4.01314362691788E-0001  4.87115833767703E-0001
 4.20145607612628E-0001  4.75174055076743E-0001
 4.38977216539066E-0001  4.64124727063406E-0001
 4.57806229082977E-0001  4.53294236617932E-0001
 4.76636021575915E-0001  4.43860705190618E-0001
 4.95464547684665E-0001  4.34012168721736E-0001
 5.14295336961889E-0001  4.23093654617695E-0001
 5.33123563378422E-0001  4.12362716410135E-0001
 5.51952927087133E-0001  4.00662205347923E-0001
 5.70779285862342E-0001  3.90851601584526E-0001
 5.89606160800964E-0001  3.79257621593675E-0001
 6.08432425541073E-0001  3.68740826432290E-0001
 6.27258293932656E-0001  3.55548242512172E-0001
 6.46084995959815E-0001  3.45905723028190E-0001
 6.64909801889486E-0001  3.38214334621027E-0001
 6.83735776632733E-0001  3.26737728400383E-0001
 7.02559771525159E-0001  3.18053223161579E-0001
 7.21383940042409E-0001  3.07244442330877E-0001
 7.40206710286890E-0001  2.96700340188214E-0001
 7.59029151209029E-0001  2.87928923002543E-0001
 7.77852570244269E-0001  2.80222729828177E-0001
 7.96674916929021E-0001  2.72097374410096E-0001
 8.15498053951734E-0001  2.62534464695706E-0001
 8.34320543697928E-0001  2.51315750259366E-0001
 8.53142823590453E-0001  2.43343217884342E-0001
 8.71963858077430E-0001  2.37104906470186E-0001
 8.90785572508037E-0001  2.27470532342654E-0001
 9.09606836584130E-0001  2.19350952669689E-0001
 9.28427859809656E-0001  2.08432144981380E-0001
 9.47248641635022E-0001  1.98658873012159E-0001
 9.66068952971157E-0001  1.91234218731800E-0001
 9.84889449425053E-0001  1.85192279285307E-0001
 1.00370927540864E+0000  1.76743629371564E-0001
 1.02252837525655E+0000  1.67435400795400E-0001
 1.04134727927068E+0000  1.60466618013550E-0001
 1.06016597612828E+0000  1.53346607867710E-0001
 1.07898486435681E+0000  1.47717027639920E-0001
 1.09780373941830E+0000  1.40112652857074E-0001
 1.11662268505515E+0000  1.34987677093658E-0001
 1.13544116129461E+0000  1.28487390903149E-0001
 1.15425959791890E+0000  1.17692492842448E-0001
 1.17307768121783E+0000  1.09899943549426E-0001
 1.19189584061038E+0000  1.05001070083858E-0001
 1.21071370048032E+0000  9.60385861848055E-0002
 1.22953146389438E+0000  8.95505677102984E-0002
 1.24834912417763E+0000  8.44801012667809E-0002
 1.26716644641098E+0000  7.96920321439342E-0002
 1.28598408048253E+0000  7.61381650935720E-0002
 1.30480116555591E+0000  7.35629430035991E-0002
 1.32361815616994E+0000  6.92845211654490E-0002
 1.34243501855837E+0000  6.68134752272404E-0002
 1.36125173945861E+0000  6.51108619188937E-0002
 1.38006871545024E+0000  6.18344981910465E-0002
 1.39888530681939E+0000  5.79281048660096E-0002
 1.41770206558835E+0000  5.63487760496729E-0002
 1.43651844773877E+0000  5.73484473438376E-0002
 1.45533487907013E+0000  5.62001254311345E-0002
 1.47415140653410E+0000  5.18910149254861E-0002
 1.49296771165733E+0000  5.25335524742756E-0002
 1.51178379590859E+0000  5.04475868271516E-0002
 1.53059985899976E+0000  5.02971622769125E-0002
 1.54941589106341E+0000  5.43777567455401E-0002
 1.56823194756371E+0000  5.13121314379793E-0002
 1.58704807612279E+0000  4.81757178860427E-0002
 1.60586398862658E+0000  4.49255353740647E-0002
 1.62467984498587E+0000  3.98158265237694E-0002
 1.64349561029566E+0000  3.31465764283759E-0002
 1.66231127018074E+0000  3.25493027298154E-0002
 1.68112699385417E+0000  2.82116048413394E-0002
 1.69994260268864E+0000  2.66969299965713E-0002
 1.71875820390979E+0000  2.80778080025451E-0002
 1.73757367629197E+0000  2.24663072410476E-0002
 1.75638922800155E+0000  2.00785722803337E-0002
 1.77520472287902E+0000  1.72806068964861E-0002
 1.79402021367138E+0000  1.30622189933272E-0002
 1.81283551073239E+0000  1.03788802909212E-0002
 1.83165081292654E+0000  1.11458323662835E-0002
 1.85046610957238E+0000  1.09358437994509E-0002
 1.86928130863453E+0000  1.56470219079431E-0002
 1.88809661610653E+0000  1.30565894570771E-0002
 1.90691187687314E+0000  1.84530138219697E-0002
 1.92572710342630E+0000  1.79519442436399E-0002
 1.94454226017420E+0000  7.90344041375812E-0003
 1.96335733207285E+0000  1.28702171411541E-0002
 1.98217237455520E+0000  1.63353703457444E-0002
 2.00098743941082E+0000  1.80981328079856E-0002
 2.01980241138995E+0000  1.84497517837989E-0002
 2.03861738054887E+0000  1.06330211125792E-0002
 2.05743235103230E+0000  6.26435675641793E-0003
 2.07624728932811E+0000  9.88977808207735E-0003
 2.09506224713687E+0000  8.72707454240419E-0003
 2.11387711734780E+0000  6.86265825384669E-0003
 2.13269200724764E+0000  8.16391305832758E-0003
 2.15150690568827E+0000  1.63600510263076E-0002
 2.17032172018293E+0000  1.04732644171461E-0002
 2.18913658603926E+0000  1.79438434551784E-0002
 2.20795142391476E+0000  2.69104383263063E-0003
 2.22676624550716E+0000  3.68320069066224E-0003
 2.24558101446513E+0000  3.71535533662248E-0003
 2.26439577408163E+0000  9.50919206597217E-0004
 2.28321051501815E+0000 -1.03176180666101E-0003
 2.30202523455172E+0000  4.26311262243068E-0003
 2.32083992771739E+0000  1.11703409168333E-0003
 2.33965462768484E+0000 -1.59157996351599E-0003
 2.35846933828402E+0000  3.44739691100123E-0004
 2.37728402569800E+0000  9.73254816947649E-0003
 2.39609869771641E+0000  5.92063408301499E-0003
 2.41491333601985E+0000  4.14767874856834E-0003
 2.43372796207930E+0000  1.46481469061011E-0003
 2.45254260786555E+0000  1.20181765507838E-0002
 2.47135721709350E+0000  5.76977032735706E-0003
 2.49017184971048E+0000 -1.65249386172273E-0003
 2.50898646423567E+0000 -8.84732542486394E-0004
 2.52780107194739E+0000 -1.65653100031717E-0003
 2.54661566693278E+0000 -5.47877719018855E-0003
 2.56543025864523E+0000  1.39300707479909E-0004
 2.58424483754445E+0000  4.34485559870475E-0005
 2.60305940071186E+0000  3.37042438566975E-0003
 2.62187394299292E+0000  5.80149526061665E-0004
 2.64068849737328E+0000  3.08668410307871E-0003
 2.65950304372436E+0000  5.70469503193497E-0003
 2.67831757385408E+0000 -2.19510123512447E-0003
 2.69713209525674E+0000 -8.04823018749892E-0003
 2.71594661021262E+0000 -8.41423385284162E-0003
 2.73476111726882E+0000 -3.96642442762447E-0003
 2.75357562910012E+0000  8.20820006394712E-0003
 2.77239012838993E+0000  6.21154346098907E-0003
 2.79120463739239E+0000  3.95765067014567E-0003
 2.81001913354407E+0000 -7.61105349903432E-0003
 2.82883362790100E+0000 -6.15613520240206E-0003
 2.84764811433757E+0000  1.20381600531092E-0004
 2.86646260210336E+0000  3.89138678901689E-0003
 2.88527708146302E+0000 -1.19280691444034E-0003
 2.90409154931111E+0000  4.20897542570489E-0003
 2.92290601328056E+0000  7.58617586087992E-0003
 2.94172047970306E+0000 -1.61242099216946E-0003
 2.96053494182546E+0000 -3.65327833359081E-0003
 2.97934940268371E+0000 -1.42254343800167E-0002
 2.99816385726909E+0000 -1.46144290533010E-0003
 3.01697830777828E+0000  3.07322122349972E-0003
