# Calibration factor: 2898.500 mdeg# # I     	V_Hall  	B       	I1      	I2      	I12     	Kerr# A     	mV      	mT      	V       	V       	V       	mdeg
+3.37400	+127.92939	+379.72000	+1.31133	+1.29367	+0.18811	+209.30258
+3.32871	+128.45222	+381.27187	+1.31149	+1.29374	+0.19028	+211.70485
+3.28342	+128.32390	+380.89099	+1.31140	+1.29413	+0.19063	+212.06034
+3.23813	+127.82225	+379.40201	+1.31117	+1.29386	+0.19036	+211.80158
+3.19285	+127.04595	+377.09779	+1.31103	+1.29362	+0.19092	+212.45789
+3.14756	+126.02999	+374.08221	+1.31160	+1.29350	+0.19161	+213.19076
+3.10227	+124.85762	+370.60238	+1.31147	+1.29393	+0.19144	+212.98028
+3.05698	+123.50024	+366.57340	+1.31156	+1.29347	+0.19194	+213.56106
+3.01169	+121.85744	+361.69726	+1.31155	+1.29340	+0.19226	+213.93097
+2.96640	+120.49714	+357.65961	+1.31160	+1.29334	+0.19255	+214.24537
+2.92111	+119.18968	+353.77881	+1.31126	+1.29351	+0.19275	+214.48133
+2.87583	+117.77170	+349.56997	+1.31151	+1.29324	+0.19352	+215.34010
+2.83054	+116.28348	+345.15262	+1.31148	+1.29352	+0.19368	+215.49707
+2.78525	+114.75018	+340.60149	+1.31153	+1.29388	+0.19331	+215.06181
+2.73996	+113.19929	+335.99813	+1.31144	+1.29307	+0.19390	+215.78518
+2.69467	+111.24380	+330.19384	+1.31148	+1.29328	+0.19453	+216.46515
+2.64938	+109.24153	+324.25071	+1.31143	+1.29327	+0.19499	+216.98916
+2.60409	+107.67500	+319.60092	+1.31146	+1.29346	+0.19493	+216.89560
+2.55881	+106.21701	+315.27333	+1.31174	+1.29300	+0.19499	+216.98462
+2.51352	+104.66633	+310.67059	+1.31135	+1.29353	+0.19568	+217.74206
+2.46823	+103.01146	+305.75861	+1.31169	+1.29317	+0.19641	+218.55378
+2.42294	+101.33069	+300.76976	+1.31142	+1.29353	+0.19639	+218.52341
+2.37765	+99.63884	+295.74801	+1.31130	+1.29321	+0.19632	+218.47541
+2.33236	+97.58317	+289.64635	+1.31198	+1.29296	+0.19694	+219.13073
+2.28707	+95.48871	+283.42958	+1.31163	+1.29359	+0.19793	+220.21099
+2.24179	+93.90449	+278.72731	+1.31159	+1.29326	+0.19720	+219.43614
+2.19650	+92.32236	+274.03123	+1.31154	+1.29345	+0.19760	+219.86135
+2.15121	+90.69544	+269.20221	+1.31175	+1.29289	+0.19841	+220.79159
+2.10592	+89.08935	+264.43501	+1.31148	+1.29312	+0.19844	+220.83058
+2.06063	+87.37767	+259.35439	+1.31178	+1.29302	+0.19871	+221.12174
+2.01534	+85.67398	+254.29750	+1.31193	+1.29342	+0.19886	+221.23453
+1.97005	+83.71752	+248.49034	+1.31213	+1.29356	+0.19987	+222.32732
+1.92477	+81.56802	+242.11019	+1.31191	+1.29292	+0.20007	+222.62587
+1.87948	+79.92438	+237.23154	+1.31179	+1.29315	+0.20002	+222.55806
+1.83419	+78.34660	+232.54837	+1.31187	+1.29304	+0.20078	+223.41239
+1.78890	+76.71789	+227.71403	+1.31197	+1.29311	+0.20130	+223.97470
+1.74361	+75.01017	+222.64518	+1.31180	+1.29286	+0.20176	+224.52511
+1.69832	+73.26747	+217.47250	+1.31167	+1.29263	+0.20201	+224.82664
+1.65303	+71.54207	+212.35117	+1.31193	+1.29303	+0.20212	+224.89969
+1.60774	+69.60195	+206.59250	+1.31236	+1.29327	+0.20320	+226.04309
+1.56246	+67.08602	+199.12473	+1.31186	+1.29278	+0.20437	+227.43395
+1.51717	+65.46487	+194.31283	+1.31225	+1.29329	+0.20482	+227.84882
+1.47188	+63.88503	+189.62355	+1.31190	+1.29289	+0.20485	+227.95147
+1.42659	+62.29287	+184.89771	+1.31201	+1.29304	+0.20565	+228.81915
+1.38130	+60.67624	+180.09921	+1.31205	+1.29273	+0.20642	+229.69410
+1.33601	+58.96594	+175.02271	+1.31233	+1.29291	+0.20655	+229.80251
+1.29072	+57.22057	+169.84209	+1.31235	+1.29274	+0.20740	+230.76317
+1.24544	+55.47864	+164.67169	+1.31220	+1.29297	+0.20826	+231.71405
+1.20015	+53.03262	+157.41142	+1.31237	+1.29247	+0.20903	+232.59989
+1.15486	+51.29196	+152.24479	+1.31249	+1.29297	+0.20951	+233.07935
+1.10957	+49.74343	+147.64844	+1.31234	+1.29250	+0.21035	+234.06839
+1.06428	+48.15635	+142.93769	+1.31235	+1.29296	+0.21109	+234.84636
+1.01899	+46.48381	+137.97326	+1.31218	+1.29253	+0.21096	+234.75300
+0.97370	+44.82229	+133.04153	+1.31223	+1.29261	+0.21098	+234.76784
+0.92842	+43.10052	+127.93097	+1.31225	+1.29289	+0.21237	+236.29008
+0.88313	+41.40166	+122.88842	+1.31235	+1.29242	+0.21278	+236.77427
+0.83784	+39.05046	+115.90957	+1.31257	+1.29318	+0.21295	+236.87019
+0.79255	+37.18354	+110.36818	+1.31230	+1.29245	+0.21366	+237.76020
+0.74726	+35.73120	+106.05735	+1.31277	+1.29267	+0.21454	+238.66705
+0.70197	+34.21057	+101.54382	+1.31270	+1.29275	+0.21481	+238.97083
+0.65668	+32.61188	+96.79857	+1.31273	+1.29271	+0.21467	+238.81819
+0.61140	+30.94985	+91.86536	+1.31263	+1.29222	+0.21553	+239.82304
+0.56611	+29.27201	+86.88517	+1.31264	+1.29256	+0.21619	+240.53412
+0.52082	+27.61780	+81.97516	+1.31286	+1.29281	+0.21616	+240.45565
+0.47553	+25.29567	+75.08261	+1.31271	+1.29220	+0.21709	+241.56089
+0.43024	+23.34373	+69.28887	+1.31287	+1.29239	+0.21792	+242.44690
+0.38495	+21.89447	+64.98717	+1.31313	+1.29257	+0.21825	+242.77316
+0.33966	+20.43702	+60.66116	+1.31295	+1.29244	+0.21845	+243.02169
+0.29438	+18.90530	+56.11472	+1.31290	+1.29224	+0.21908	+243.74517
+0.24909	+17.28670	+51.31038	+1.31317	+1.29274	+0.21967	+244.33786
+0.20380	+15.61952	+46.36187	+1.31316	+1.29270	+0.21966	+244.33270
+0.15851	+13.93183	+41.35247	+1.31312	+1.29229	+0.22024	+245.01758
+0.11322	+12.21588	+36.25918	+1.31266	+1.29244	+0.22068	+245.53227
+0.06793	+9.76771	+28.99251	+1.31348	+1.29224	+0.22139	+246.26759
+0.02264	+8.23120	+24.43186	+1.31291	+1.29232	+0.22207	+247.06905
-0.02264	+6.75399	+20.04720	+1.31302	+1.29233	+0.22267	+247.72172
-0.06793	+5.20625	+15.45320	+1.31318	+1.29232	+0.22263	+247.66484
-0.11322	+3.62436	+10.75782	+1.31324	+1.29271	+0.22289	+247.91096
-0.15851	+1.98716	+5.89830	+1.31289	+1.29217	+0.22347	+248.64628
-0.20380	+0.28433	+0.84396	+1.31313	+1.29222	+0.22459	+249.85886
-0.24909	-1.50157	-4.45695	+1.31338	+1.29209	+0.22470	+249.97592
-0.29438	-4.10176	-12.17484	+1.31333	+1.29251	+0.22333	+248.40955
-0.33966	-5.74751	-17.05977	+1.31308	+1.29239	+0.22215	+247.13818
-0.38495	-7.32485	-21.74163	+1.31303	+1.29241	+0.22085	+245.69027
-0.43024	-8.92987	-26.50563	+1.31288	+1.29285	+0.21871	+243.28217
-0.47553	-10.60009	-31.46318	+1.31242	+1.29290	+0.21538	+239.61286
-0.52082	-12.30891	-36.53529	+1.31268	+1.29297	+0.21289	+236.82133
-0.56611	-14.03660	-41.66344	+1.31254	+1.29326	+0.21019	+233.79467
-0.61140	-15.75823	-46.77358	+1.31235	+1.29372	+0.20642	+229.58421
-0.65668	-18.14782	-53.86637	+1.31194	+1.29401	+0.19915	+221.51094
-0.70197	-19.91155	-59.10147	+1.31160	+1.29384	+0.19446	+216.33285
-0.74726	-21.44225	-63.64489	+1.31123	+1.29450	+0.19033	+211.71851
-0.79255	-22.99741	-68.26091	+1.31129	+1.29463	+0.18527	+206.06758
-0.83784	-24.58933	-72.98605	+1.31095	+1.29461	+0.17976	+199.96791
-0.88313	-26.21954	-77.82483	+1.31073	+1.29535	+0.17527	+194.93693
-0.92842	-27.87354	-82.73425	+1.31038	+1.29492	+0.17025	+189.41311
-0.97370	-29.67534	-88.08235	+1.31004	+1.29572	+0.16445	+182.92851
-1.01899	-31.86152	-94.57138	+1.30958	+1.29568	+0.15605	+173.60827
-1.06428	-33.48538	-99.39130	+1.30963	+1.29653	+0.15097	+167.91005
-1.10957	-34.98668	-103.84746	+1.30933	+1.29631	+0.14673	+163.22354
-1.15486	-36.56945	-108.54543	+1.30904	+1.29704	+0.14211	+158.05406
-1.20015	-38.22284	-113.45305	+1.30873	+1.29641	+0.13763	+153.12526
-1.24544	-39.86615	-118.33070	+1.30864	+1.29735	+0.13346	+148.44046
-1.29072	-41.59438	-123.46043	+1.30857	+1.29704	+0.12961	+144.17430
-1.33601	-43.40762	-128.84249	+1.30825	+1.29744	+0.12554	+139.64660
-1.38130	-45.80070	-135.94564	+1.30794	+1.29742	+0.12033	+133.87018
-1.42659	-47.56564	-141.18433	+1.30812	+1.29787	+0.11834	+131.62313
-1.47188	-49.05887	-145.61654	+1.30799	+1.29795	+0.11676	+129.87089
-1.51717	-50.60535	-150.20679	+1.30795	+1.29776	+0.11501	+127.93226
-1.56246	-52.20490	-154.95459	+1.30780	+1.29791	+0.11439	+127.24698
-1.60774	-53.88789	-159.95003	+1.30783	+1.29763	+0.11424	+127.08986
-1.65303	-55.78700	-165.58696	+1.30805	+1.29795	+0.11485	+127.73845
-1.69832	-57.40903	-170.40149	+1.30783	+1.29759	+0.11501	+127.94363
-1.74361	-59.44240	-176.43692	+1.30786	+1.29782	+0.11608	+129.12647
-1.78890	-61.15765	-181.52814	+1.30766	+1.29716	+0.11718	+130.39182
-1.83419	-62.78933	-186.37130	+1.30784	+1.29767	+0.11791	+131.16611
-1.87948	-64.33151	-190.94878	+1.30819	+1.29725	+0.11862	+131.96396
-1.92477	-65.89388	-195.58620	+1.30794	+1.29752	+0.11965	+133.10944
-1.97005	-67.65938	-200.82658	+1.30816	+1.29715	+0.12101	+134.62701
-2.01534	-69.26576	-205.59463	+1.30797	+1.29745	+0.12201	+135.73982
-2.06063	-70.92681	-210.52494	+1.30830	+1.29719	+0.12299	+136.81628
-2.10592	-73.12372	-217.04582	+1.30814	+1.29736	+0.12469	+138.70757
-2.15121	-74.63580	-221.53398	+1.30858	+1.29682	+0.12535	+139.45149
-2.19650	-76.49103	-227.04069	+1.30858	+1.29712	+0.12645	+140.66086
-2.24179	-78.10589	-231.83392	+1.30871	+1.29724	+0.12800	+142.37159
-2.28707	-79.83225	-236.95809	+1.30842	+1.29655	+0.12887	+143.39305
-2.33236	-81.48974	-241.87783	+1.30852	+1.29696	+0.12988	+144.49031
-2.37765	-83.08506	-246.61308	+1.30841	+1.29674	+0.13024	+144.90965
-2.42294	-84.73222	-251.50218	+1.30861	+1.29702	+0.13146	+146.23522
-2.46823	-86.53302	-256.84732	+1.30855	+1.29671	+0.13271	+147.64808
-2.51352	-88.54475	-262.81853	+1.30881	+1.29681	+0.13408	+149.15276
-2.55881	-90.24539	-267.86637	+1.30836	+1.29630	+0.13474	+149.94306
-2.60409	-92.04217	-273.19958	+1.30879	+1.29671	+0.13587	+151.15093
-2.64938	-93.73833	-278.23410	+1.30892	+1.29627	+0.13696	+152.38177
-2.69467	-95.31362	-282.90989	+1.30895	+1.29654	+0.13766	+153.14124
-2.73996	-96.92260	-287.68567	+1.30891	+1.29604	+0.13822	+153.79911
-2.78525	-98.52125	-292.43078	+1.30882	+1.29639	+0.13929	+154.96651
-2.83054	-100.35794	-297.88243	+1.30910	+1.29619	+0.14052	+156.33136
-2.87583	-102.35387	-303.80676	+1.30863	+1.29613	+0.14165	+157.62744
-2.92111	-103.92948	-308.48348	+1.30911	+1.29633	+0.14156	+157.48769
-2.96640	-105.83868	-314.15038	+1.30929	+1.29608	+0.14240	+158.42508
-3.01169	-107.44784	-318.92667	+1.30912	+1.29626	+0.14380	+159.97905
-3.05698	-108.99683	-323.52441	+1.30894	+1.29599	+0.14451	+160.79688
-3.10227	-110.57406	-328.20592	+1.30934	+1.29623	+0.14526	+161.59113
-3.14756	-112.22404	-333.10339	+1.30924	+1.29608	+0.14554	+161.91178
-3.19285	-114.04063	-338.49539	+1.30905	+1.29594	+0.14656	+163.07351
-3.23813	-116.10551	-344.62439	+1.30930	+1.29571	+0.14803	+164.71077
-3.28342	-117.70017	-349.35765	+1.30957	+1.29630	+0.14812	+164.75696
-3.32871	-119.48051	-354.64206	+1.30959	+1.29552	+0.14906	+165.84978
-3.37400	-121.11100	-359.48167	+1.30927	+1.29589	+0.14981	+166.68442
-3.37400	-122.56153	-363.78712	+1.30943	+1.29566	+0.15084	+167.82915
-3.32871	-123.58196	-366.81599	+1.30949	+1.29584	+0.15135	+168.38533
-3.28342	-124.00790	-368.08024	+1.30952	+1.29574	+0.15164	+168.70671
-3.23813	-123.92996	-367.84891	+1.30942	+1.29572	+0.15226	+169.40347
-3.19285	-123.41201	-366.31152	+1.30978	+1.29608	+0.15316	+170.35559
-3.14756	-122.72520	-364.27293	+1.30924	+1.29554	+0.15255	+169.75646
-3.10227	-121.90903	-361.85038	+1.30958	+1.29583	+0.15246	+169.61098
-3.05698	-121.01434	-359.19476	+1.30939	+1.29532	+0.15263	+169.84363
-3.01169	-119.99420	-356.16679	+1.30943	+1.29563	+0.15286	+170.07711
-2.96640	-118.79617	-352.61078	+1.30943	+1.29563	+0.15246	+169.63561
-2.92111	-117.50282	-348.77188	+1.30906	+1.29552	+0.15188	+169.01544
-2.87583	-116.19452	-344.88856	+1.30965	+1.29578	+0.15151	+168.55435
-2.83054	-114.67256	-340.37109	+1.30917	+1.29597	+0.15126	+168.29008
-2.78525	-112.83462	-334.91571	+1.30933	+1.29588	+0.15025	+167.16808
-2.73996	-111.33027	-330.45050	+1.30913	+1.29582	+0.14923	+166.04732
-2.69467	-109.88329	-326.15558	+1.30930	+1.29593	+0.14897	+165.74241
-2.64938	-108.53415	-322.15106	+1.30914	+1.29544	+0.14908	+165.90988
-2.60409	-107.06740	-317.79746	+1.30902	+1.29591	+0.14836	+165.07668
-2.55881	-105.53736	-313.25600	+1.30923	+1.29569	+0.14683	+163.37553
-2.51352	-103.97746	-308.62589	+1.30923	+1.29638	+0.14578	+162.17226
-2.46823	-102.22445	-303.42260	+1.30894	+1.29583	+0.14596	+162.41925
-2.42294	-100.27597	-297.63913	+1.30881	+1.29608	+0.14432	+160.58828
-2.37765	-98.65290	-292.82155	+1.30899	+1.29655	+0.14326	+159.37118
-2.33236	-96.85919	-287.49745	+1.30891	+1.29597	+0.14256	+158.63437
-2.28707	-95.33160	-282.96325	+1.30878	+1.29626	+0.14205	+158.05125
-2.24179	-93.79216	-278.39390	+1.30908	+1.29636	+0.14079	+156.62866
-2.19650	-92.15305	-273.52869	+1.30919	+1.29684	+0.13933	+154.96449
-2.15121	-90.47614	-268.55129	+1.30877	+1.29631	+0.13864	+154.25284
-2.10592	-88.75378	-263.43897	+1.30885	+1.29660	+0.13835	+153.90560
-2.06063	-86.50414	-256.76160	+1.30883	+1.29656	+0.13650	+151.85731
-2.01534	-84.71347	-251.44651	+1.30865	+1.29692	+0.13479	+149.94742
-1.97005	-83.06425	-246.55129	+1.30880	+1.29684	+0.13387	+148.91646
-1.92477	-81.53587	-242.01477	+1.30873	+1.29719	+0.13357	+148.56864
-1.87948	-79.92812	-237.24263	+1.30882	+1.29710	+0.13243	+147.30288
-1.83419	-78.27959	-232.34948	+1.30854	+1.29709	+0.13071	+145.40634
-1.78890	-76.65613	-227.53074	+1.30869	+1.29686	+0.12981	+144.40585
-1.74361	-74.99571	-222.60227	+1.30861	+1.29731	+0.12916	+143.66079
-1.69832	-72.79821	-216.07965	+1.30844	+1.29711	+0.12764	+141.99108
-1.65303	-71.07177	-210.95522	+1.30829	+1.29747	+0.12582	+139.95196
-1.60774	-69.32922	-205.78299	+1.30853	+1.29740	+0.12505	+139.08739
-1.56246	-67.74152	-201.07039	+1.30815	+1.29749	+0.12462	+138.63098
-1.51717	-66.20538	-196.51081	+1.30844	+1.29752	+0.12327	+137.11239
-1.47188	-64.58249	-191.69373	+1.30832	+1.29768	+0.12182	+135.49931
-1.42659	-62.89821	-186.69447	+1.30826	+1.29758	+0.12115	+134.76178
-1.38130	-61.12519	-181.43179	+1.30810	+1.29764	+0.12019	+133.69203
-1.33601	-58.92603	-174.90426	+1.30833	+1.29848	+0.11904	+132.36103
-1.29072	-57.19129	-169.75520	+1.30785	+1.29759	+0.11739	+130.59020
-1.24544	-55.62767	-165.11405	+1.30792	+1.29793	+0.11681	+129.92693
-1.20015	-53.75533	-159.55656	+1.30784	+1.29800	+0.11583	+128.84454
-1.15486	-52.15185	-154.79712	+1.30804	+1.29843	+0.11484	+127.71291
-1.10957	-50.53442	-149.99626	+1.30772	+1.29774	+0.11393	+126.74620
-1.06428	-48.84711	-144.98798	+1.30779	+1.29798	+0.11298	+125.67062
-1.01899	-47.05598	-139.67155	+1.30795	+1.29771	+0.11214	+124.74725
-0.97370	-45.20078	-134.16494	+1.30765	+1.29864	+0.11151	+124.01736
-0.92842	-42.95838	-127.50906	+1.30758	+1.29813	+0.11002	+122.37783
-0.88313	-41.37176	-122.79967	+1.30767	+1.29798	+0.10924	+121.52045
-0.83784	-39.58697	-117.50205	+1.30773	+1.29804	+0.10820	+120.35115
-0.79255	-37.96063	-112.67473	+1.30778	+1.29855	+0.10777	+119.85446
-0.74726	-36.42050	-108.10333	+1.30743	+1.29804	+0.10699	+119.01997
-0.70197	-34.84515	-103.42738	+1.30723	+1.29839	+0.10630	+118.24514
-0.65668	-33.20317	-98.55365	+1.30784	+1.29806	+0.10573	+117.60496
-0.61140	-31.36046	-93.08413	+1.30747	+1.29882	+0.10473	+116.46853
-0.56611	-29.46779	-87.46630	+1.30749	+1.29846	+0.10377	+115.42204
-0.52082	-27.89546	-82.79930	+1.30747	+1.29870	+0.10307	+114.63659
-0.47553	-26.14360	-77.59942	+1.30738	+1.29861	+0.10247	+113.97026
-0.43024	-24.34820	-72.27032	+1.30710	+1.29823	+0.10155	+112.98249
-0.38495	-22.72268	-67.44547	+1.30703	+1.29872	+0.10071	+112.02379
-0.33966	-21.06022	-62.51096	+1.30741	+1.29867	+0.09981	+111.00617
-0.29438	-19.20942	-57.01739	+1.30752	+1.29910	+0.09906	+110.15777
-0.24909	-17.27759	-51.28334	+1.30707	+1.29866	+0.09805	+109.07005
-0.20380	-15.29989	-45.41312	+1.30707	+1.29910	+0.09711	+108.00073
-0.15851	-13.73778	-40.77647	+1.30708	+1.29838	+0.09635	+107.19057
-0.11322	-12.09085	-35.88806	+1.30679	+1.29913	+0.09604	+106.82753
-0.06793	-10.11617	-30.02680	+1.30703	+1.29872	+0.09538	+106.09760
-0.02264	-8.41772	-24.98547	+1.30680	+1.29918	+0.09410	+104.66509
+0.02264	-6.72483	-19.96064	+1.30714	+1.29904	+0.09331	+103.77753
+0.06793	-4.98177	-14.78689	+1.30667	+1.29894	+0.09322	+103.69594
+0.11322	-3.06253	-9.09019	+1.30696	+1.29937	+0.09294	+103.35863
+0.15851	-1.03674	-3.07726	+1.30668	+1.29910	+0.09148	+101.75636
+0.20380	+0.48959	+1.45321	+1.30672	+1.29934	+0.09131	+101.55203
+0.24909	+2.09886	+6.22983	+1.30684	+1.29902	+0.09184	+102.15477
+0.29438	+3.79148	+11.25386	+1.30681	+1.29911	+0.09285	+103.27735
+0.33966	+5.38477	+15.98306	+1.30691	+1.29867	+0.09405	+104.62069
+0.38495	+7.01595	+20.82473	+1.30700	+1.29872	+0.09569	+106.44538
+0.43024	+8.77008	+26.03137	+1.30718	+1.29838	+0.09852	+109.59580
+0.47553	+10.88165	+32.29891	+1.30716	+1.29818	+0.10277	+114.33709
+0.52082	+12.57319	+37.31976	+1.30763	+1.29800	+0.10635	+118.30924
+0.56611	+14.15002	+42.00009	+1.30794	+1.29749	+0.10981	+122.16722
+0.61140	+15.67205	+46.51777	+1.30787	+1.29780	+0.11334	+126.07818
+0.65668	+17.50168	+51.94848	+1.30808	+1.29711	+0.11844	+131.77314
+0.70197	+19.03420	+56.49731	+1.30804	+1.29711	+0.12236	+136.14268
+0.74726	+20.61282	+61.18296	+1.30887	+1.29677	+0.12651	+140.73251
+0.79255	+22.42598	+66.56479	+1.30908	+1.29698	+0.13207	+146.88605
+0.83784	+24.07709	+71.46561	+1.30924	+1.29610	+0.13698	+152.39392
+0.88313	+26.10057	+77.47170	+1.30962	+1.29617	+0.14433	+160.54743
+0.92842	+27.62644	+82.00081	+1.30976	+1.29594	+0.14953	+166.32726
+0.97370	+29.26221	+86.85610	+1.30965	+1.29546	+0.15437	+171.75387
+1.01899	+31.03445	+92.11647	+1.31021	+1.29538	+0.15999	+177.97988
+1.06428	+32.72018	+97.12002	+1.31074	+1.29514	+0.16542	+184.00142
+1.10957	+34.33742	+101.92033	+1.31106	+1.29505	+0.17058	+189.71568
+1.15486	+36.11282	+107.19009	+1.31103	+1.29434	+0.17569	+195.45288
+1.20015	+37.90799	+112.51850	+1.31146	+1.29432	+0.18094	+201.27189
+1.24544	+40.04024	+118.84743	+1.31164	+1.29384	+0.18709	+208.12967
+1.29072	+41.61778	+123.52990	+1.31153	+1.29388	+0.19085	+212.31643
+1.33601	+43.14485	+128.06254	+1.31199	+1.29360	+0.19413	+215.95199
+1.38130	+44.73818	+132.79187	+1.31213	+1.29347	+0.19736	+219.55046
+1.42659	+46.62453	+138.39093	+1.31220	+1.29340	+0.20071	+223.27629
+1.47188	+48.28697	+143.32538	+1.31200	+1.29317	+0.20245	+225.23969
+1.51717	+50.04121	+148.53232	+1.31229	+1.29303	+0.20405	+227.01667
+1.56246	+51.85234	+153.90810	+1.31258	+1.29326	+0.20544	+228.50831
+1.60774	+53.95505	+160.14938	+1.31218	+1.29321	+0.20648	+229.70547
+1.65303	+55.54729	+164.87547	+1.31248	+1.29304	+0.20619	+229.37586
+1.69832	+57.15957	+169.66102	+1.31209	+1.29326	+0.20574	+228.88516
+1.74361	+58.84720	+174.67025	+1.31228	+1.29291	+0.20594	+229.12427
+1.78890	+60.73638	+180.27774	+1.31206	+1.29335	+0.20591	+229.07284
+1.83419	+62.36992	+185.12640	+1.31215	+1.29264	+0.20512	+228.24483
+1.87948	+64.17429	+190.48214	+1.31251	+1.29354	+0.20399	+226.87922
+1.92477	+65.94796	+195.74674	+1.31237	+1.29287	+0.20366	+226.59108
+1.97005	+68.12601	+202.21162	+1.31206	+1.29304	+0.20368	+226.62463
+2.01534	+69.76752	+207.08396	+1.31207	+1.29357	+0.20246	+225.21419
+2.06063	+71.34471	+211.76538	+1.31189	+1.29320	+0.20134	+224.01865
+2.10592	+72.96832	+216.58457	+1.31191	+1.29334	+0.20149	+224.17207
+2.15121	+74.89640	+222.30748	+1.31190	+1.29311	+0.20117	+223.83308
+2.19650	+76.52771	+227.14954	+1.31186	+1.29367	+0.20027	+222.78740
+2.24179	+78.17112	+232.02752	+1.31176	+1.29317	+0.19878	+221.18581
+2.28707	+80.19699	+238.04072	+1.31200	+1.29308	+0.19879	+221.18378
+2.33236	+82.28768	+244.24629	+1.31179	+1.29365	+0.19882	+221.17927
+2.37765	+83.84507	+248.86893	+1.31206	+1.29354	+0.19770	+219.92093
+2.42294	+85.40100	+253.48726	+1.31149	+1.29374	+0.19698	+219.15892
+2.46823	+86.96873	+258.14059	+1.31193	+1.29316	+0.19738	+219.60896
+2.51352	+88.77203	+263.49313	+1.31191	+1.29378	+0.19750	+219.69006
+2.55881	+90.54925	+268.76828	+1.31193	+1.29397	+0.19616	+218.18985
+2.60409	+92.22975	+273.75635	+1.31165	+1.29378	+0.19495	+216.87933
+2.64938	+94.44445	+280.33000	+1.31197	+1.29380	+0.19539	+217.34274
+2.69467	+96.32909	+285.92401	+1.31169	+1.29332	+0.19538	+217.39216
+2.73996	+97.80486	+290.30440	+1.31133	+1.29388	+0.19437	+216.24930
+2.78525	+99.36431	+294.93314	+1.31182	+1.29344	+0.19368	+215.47842
+2.83054	+101.00742	+299.81024	+1.31176	+1.29372	+0.19404	+215.85812
+2.87583	+102.77206	+305.04804	+1.31207	+1.29366	+0.19438	+216.21715
+2.92111	+104.65583	+310.63944	+1.31135	+1.29384	+0.19311	+214.85667
+2.96640	+106.27168	+315.43559	+1.31131	+1.29365	+0.19229	+213.96376
+3.01169	+108.45368	+321.91220	+1.31155	+1.29367	+0.19267	+214.35908
+3.05698	+110.26281	+327.28206	+1.31142	+1.29383	+0.19297	+214.68553
+3.10227	+111.82580	+331.92134	+1.31160	+1.29367	+0.19159	+213.15117
+3.14756	+113.36411	+336.48736	+1.31155	+1.29375	+0.19111	+212.61918
+3.19285	+114.95422	+341.20711	+1.31141	+1.29348	+0.19165	+213.24845
+3.23813	+116.59412	+346.07465	+1.31140	+1.29380	+0.19169	+213.27452
+3.28342	+118.43528	+351.53960	+1.31125	+1.29361	+0.19089	+212.40330
+3.32871	+120.19802	+356.77175	+1.31143	+1.29397	+0.18980	+211.15393
+3.37400	+122.21935	+362.77146	+1.31117	+1.29353	+0.19015	+211.60174
