# Calibration factor: 1709.400 mdeg# # I     	V_Hall  	B       	I1      	I2      	I12     	Kerr# A     	mV      	mT      	V       	V       	V       	mdeg
+0.75900	+27.88388	+82.76494	+0.40094	+0.40128	+0.01107	+23.58431
+0.75137	+27.98700	+83.07101	+0.40082	+0.40126	+0.01153	+24.58019
+0.74374	+27.96387	+83.00237	+0.40065	+0.40119	+0.01150	+24.51551
+0.73612	+27.85913	+82.69148	+0.40087	+0.40125	+0.01146	+24.42049
+0.72849	+27.67027	+82.13090	+0.40069	+0.40107	+0.01142	+24.34034
+0.72086	+27.51285	+81.66364	+0.40092	+0.40106	+0.01156	+24.64236
+0.71323	+27.34336	+81.16057	+0.40071	+0.40135	+0.01148	+24.47244
+0.70560	+27.19062	+80.70720	+0.40096	+0.40146	+0.01145	+24.38132
+0.69797	+27.01576	+80.18819	+0.40087	+0.40123	+0.01138	+24.24452
+0.69035	+26.83592	+79.65439	+0.40096	+0.40121	+0.01141	+24.31909
+0.68272	+26.62425	+79.02611	+0.40085	+0.40126	+0.01147	+24.44152
+0.67509	+26.40226	+78.36718	+0.40102	+0.40110	+0.01147	+24.43277
+0.66746	+26.12582	+77.54665	+0.40071	+0.40134	+0.01138	+24.26443
+0.65983	+25.88406	+76.82908	+0.40085	+0.40138	+0.01141	+24.31199
+0.65221	+25.63425	+76.08757	+0.40042	+0.40099	+0.01145	+24.43405
+0.64458	+25.39100	+75.36556	+0.40091	+0.40103	+0.01142	+24.33897
+0.63695	+25.10267	+74.50974	+0.40100	+0.40152	+0.01123	+23.92285
+0.62932	+24.83653	+73.71978	+0.40086	+0.40109	+0.01127	+24.01594
+0.62169	+24.58766	+72.98109	+0.40045	+0.40094	+0.01131	+24.13126
+0.61407	+24.33373	+72.22738	+0.40093	+0.40118	+0.01132	+24.12872
+0.60644	+24.04281	+71.36387	+0.40065	+0.40164	+0.01139	+24.25838
+0.59881	+23.75143	+70.49900	+0.40057	+0.40105	+0.01124	+23.96053
+0.59118	+23.50094	+69.75548	+0.40096	+0.40135	+0.01124	+23.93801
+0.58355	+23.24335	+68.99092	+0.40066	+0.40124	+0.01139	+24.28407
+0.57592	+22.94140	+68.09465	+0.40079	+0.40106	+0.01129	+24.07337
+0.56830	+22.62859	+67.16618	+0.40076	+0.40116	+0.01126	+23.99762
+0.56067	+22.40706	+66.50863	+0.40066	+0.40128	+0.01128	+24.04952
+0.55304	+22.11889	+65.65329	+0.40081	+0.40122	+0.01132	+24.13110
+0.54541	+21.85458	+64.86876	+0.40064	+0.40084	+0.01136	+24.23838
+0.53778	+21.52005	+63.87580	+0.40081	+0.40140	+0.01119	+23.84217
+0.53016	+21.24261	+63.05231	+0.40083	+0.40113	+0.01127	+24.01933
+0.52253	+20.97133	+62.24710	+0.40069	+0.40123	+0.01130	+24.09129
+0.51490	+20.67587	+61.37013	+0.40091	+0.40123	+0.01126	+23.99861
+0.50727	+20.41298	+60.58982	+0.40090	+0.40131	+0.01136	+24.20243
+0.49964	+20.14786	+59.80288	+0.40057	+0.40108	+0.01124	+23.97597
+0.49202	+19.88225	+59.01450	+0.40087	+0.40121	+0.01126	+23.99787
+0.48439	+19.60653	+58.19612	+0.40075	+0.40137	+0.01135	+24.17852
+0.47676	+19.28779	+57.25003	+0.40082	+0.40099	+0.01130	+24.09895
+0.46913	+18.98405	+56.34845	+0.40087	+0.40124	+0.01132	+24.11836
+0.46150	+18.70711	+55.52645	+0.40070	+0.40117	+0.01143	+24.36119
+0.45387	+18.36896	+54.52276	+0.40082	+0.40107	+0.01147	+24.44470
+0.44625	+18.12024	+53.78451	+0.40081	+0.40109	+0.01155	+24.62896
+0.43862	+17.86605	+53.03001	+0.40081	+0.40107	+0.01133	+24.14309
+0.43099	+17.59813	+52.23476	+0.40111	+0.40123	+0.01143	+24.34151
+0.42336	+17.33668	+51.45875	+0.40068	+0.40123	+0.01156	+24.64166
+0.41573	+17.03452	+50.56188	+0.40092	+0.40119	+0.01144	+24.37416
+0.40811	+16.68678	+49.52971	+0.40107	+0.40125	+0.01139	+24.26773
+0.40048	+16.40882	+48.70467	+0.40053	+0.40091	+0.01134	+24.19356
+0.39285	+16.14965	+47.93540	+0.40095	+0.40126	+0.01142	+24.33054
+0.38522	+15.92812	+47.27785	+0.40096	+0.40129	+0.01129	+24.05083
+0.37759	+15.73072	+46.69193	+0.40079	+0.40122	+0.01121	+23.89477
+0.36996	+15.51659	+46.05634	+0.40078	+0.40118	+0.01127	+24.02984
+0.36234	+15.27470	+45.33836	+0.40070	+0.40100	+0.01121	+23.90618
+0.35471	+14.98668	+44.48345	+0.40085	+0.40147	+0.01124	+23.94187
+0.34708	+14.66659	+43.53336	+0.40041	+0.40099	+0.01121	+23.91499
+0.33945	+14.37340	+42.66314	+0.40079	+0.40096	+0.01112	+23.70825
+0.33182	+14.06856	+41.75831	+0.40083	+0.40125	+0.01132	+24.11630
+0.32420	+13.82013	+41.02091	+0.40058	+0.40123	+0.01118	+23.83414
+0.31657	+13.55653	+40.23851	+0.40089	+0.40131	+0.01120	+23.85827
+0.30894	+13.29545	+39.46357	+0.40073	+0.40118	+0.01111	+23.68451
+0.30131	+13.01668	+38.63612	+0.40069	+0.40122	+0.01054	+22.46163
+0.29368	+12.71456	+37.73937	+0.40061	+0.40090	+0.01107	+23.59909
+0.28606	+12.37854	+36.74200	+0.40076	+0.40145	+0.01121	+23.87959
+0.27843	+12.10496	+35.92994	+0.40062	+0.40104	+0.01127	+24.02207
+0.27080	+11.80594	+35.04240	+0.40082	+0.40102	+0.01141	+24.32093
+0.26317	+11.52054	+34.19526	+0.40059	+0.40141	+0.01141	+24.31325
+0.25554	+11.25117	+33.39572	+0.40065	+0.40125	+0.01134	+24.17482
+0.24791	+10.98387	+32.60231	+0.40070	+0.40118	+0.01121	+23.89166
+0.24029	+10.70530	+31.77548	+0.40070	+0.40104	+0.01127	+24.03350
+0.23266	+10.41326	+30.90864	+0.40101	+0.40129	+0.01141	+24.31253
+0.22503	+10.01689	+29.73214	+0.40090	+0.40113	+0.01129	+24.07008
+0.21740	+9.74086	+28.91282	+0.40066	+0.40101	+0.01145	+24.41768
+0.20977	+9.42498	+27.97522	+0.40073	+0.40115	+0.01145	+24.40802
+0.20215	+9.16176	+27.19393	+0.40086	+0.40147	+0.01130	+24.07591
+0.19452	+8.90997	+26.44659	+0.40062	+0.40098	+0.01142	+24.36200
+0.18689	+8.65191	+25.68061	+0.40049	+0.40126	+0.01139	+24.28869
+0.17926	+8.37134	+24.84781	+0.40094	+0.40133	+0.01135	+24.18524
+0.17163	+8.09175	+24.01794	+0.40087	+0.40143	+0.01137	+24.23390
+0.16401	+7.75136	+23.00759	+0.40060	+0.40107	+0.01140	+24.30363
+0.15638	+7.43565	+22.07049	+0.40085	+0.40110	+0.01155	+24.61344
+0.14875	+7.11725	+21.12543	+0.40072	+0.40099	+0.01134	+24.18904
+0.14112	+6.86350	+20.37223	+0.40084	+0.40104	+0.01133	+24.15081
+0.13349	+6.58761	+19.55336	+0.40062	+0.40110	+0.01142	+24.34744
+0.12586	+6.31795	+18.75293	+0.40113	+0.40119	+0.01144	+24.36719
+0.11824	+6.04744	+17.95002	+0.40074	+0.40128	+0.01149	+24.49794
+0.11061	+5.76381	+17.10815	+0.40084	+0.40135	+0.01145	+24.40544
+0.10298	+5.39935	+16.02634	+0.40110	+0.40131	+0.01150	+24.49273
+0.09535	+5.06512	+15.03428	+0.40053	+0.40109	+0.01165	+24.83229
+0.08772	+4.77390	+14.16989	+0.40085	+0.40114	+0.01157	+24.65728
+0.08010	+4.50740	+13.37887	+0.40078	+0.40122	+0.01157	+24.65860
+0.07247	+4.27104	+12.67729	+0.40093	+0.40135	+0.01152	+24.54801
+0.06484	+4.05993	+12.05067	+0.40064	+0.40119	+0.01149	+24.48470
+0.05721	+3.84855	+11.42326	+0.40080	+0.40116	+0.01158	+24.67630
+0.04958	+3.60883	+10.71173	+0.40064	+0.40095	+0.01151	+24.53854
+0.04195	+3.34868	+9.93955	+0.40100	+0.40116	+0.01158	+24.67071
+0.03433	+2.97636	+8.83442	+0.40104	+0.40108	+0.01168	+24.88122
+0.02670	+2.67907	+7.95202	+0.40076	+0.40124	+0.01163	+24.78310
+0.01907	+2.43082	+7.21516	+0.40090	+0.40100	+0.01167	+24.88194
+0.01144	+2.17150	+6.44545	+0.40060	+0.40120	+0.01166	+24.85158
+0.00381	+1.89246	+5.61721	+0.40098	+0.40127	+0.01164	+24.80093
-0.00381	+1.61669	+4.79865	+0.40107	+0.40099	+0.01164	+24.81751
-0.01144	+1.33562	+3.96440	+0.40092	+0.40124	+0.01167	+24.86344
-0.01907	+1.04160	+3.09166	+0.40111	+0.40119	+0.01177	+25.08049
-0.02670	+0.62665	+1.86002	+0.40096	+0.40111	+0.01178	+25.11251
-0.03433	+0.34390	+1.02077	+0.40064	+0.40101	+0.01178	+25.11557
-0.04195	+0.08022	+0.23811	+0.40082	+0.40114	+0.01182	+25.20003
-0.04958	-0.18101	-0.53727	+0.40110	+0.40115	+0.01172	+24.98001
-0.05721	-0.45380	-1.34697	+0.40095	+0.40117	+0.01173	+24.99332
-0.06484	-0.72921	-2.16443	+0.40067	+0.40125	+0.01173	+24.99944
-0.07247	-1.01736	-3.01972	+0.40061	+0.40119	+0.01166	+24.86894
-0.08010	-1.30978	-3.88768	+0.40109	+0.40124	+0.01171	+24.94261
-0.08772	-1.67201	-4.96286	+0.40053	+0.40114	+0.01165	+24.83113
-0.09535	-2.05758	-6.10732	+0.40110	+0.40113	+0.01179	+25.12050
-0.10298	-2.31395	-6.86828	+0.40110	+0.40140	+0.01175	+25.03143
-0.11061	-2.58851	-7.68321	+0.40074	+0.40090	+0.01163	+24.79181
-0.11824	-2.87327	-8.52845	+0.40080	+0.40115	+0.01168	+24.88924
-0.12586	-3.16861	-9.40506	+0.40100	+0.40116	+0.01175	+25.03996
-0.13349	-3.46547	-10.28620	+0.40079	+0.40128	+0.01179	+25.11864
-0.14112	-3.77628	-11.20876	+0.40081	+0.40090	+0.01181	+25.19174
-0.14875	-4.20133	-12.47040	+0.40131	+0.40168	+0.01181	+25.14426
-0.15638	-4.52406	-13.42831	+0.40060	+0.40115	+0.01187	+25.30396
-0.16401	-4.78920	-14.21530	+0.40110	+0.40146	+0.01188	+25.29374
-0.17163	-5.07179	-15.05409	+0.40092	+0.40122	+0.01185	+25.24190
-0.17926	-5.36933	-15.93725	+0.40092	+0.40151	+0.01187	+25.28171
-0.18689	-5.65929	-16.79792	+0.40053	+0.40088	+0.01184	+25.26428
-0.19452	-5.96237	-17.69751	+0.40088	+0.40116	+0.01193	+25.41979
-0.20215	-6.29433	-18.68282	+0.40084	+0.40122	+0.01188	+25.31363
-0.20977	-6.71205	-19.92269	+0.40044	+0.40107	+0.01203	+25.65480
-0.21740	-7.02168	-20.84176	+0.40097	+0.40099	+0.01196	+25.48817
-0.22503	-7.30022	-21.66850	+0.40122	+0.40130	+0.01180	+25.14203
-0.23266	-7.57563	-22.48599	+0.40086	+0.40125	+0.01190	+25.36865
-0.24029	-7.86189	-23.33566	+0.40085	+0.40101	+0.01197	+25.51526
-0.24791	-8.15938	-24.21868	+0.40079	+0.40108	+0.01194	+25.44290
-0.25554	-8.43653	-25.04130	+0.40103	+0.40123	+0.01187	+25.28431
-0.26317	-8.67424	-25.74688	+0.40088	+0.40113	+0.01178	+25.10512
-0.27080	-9.02430	-26.78593	+0.40091	+0.40139	+0.01192	+25.40094
-0.27843	-9.30933	-27.63196	+0.40106	+0.40116	+0.01190	+25.35363
-0.28606	-9.55423	-28.35888	+0.40070	+0.40093	+0.01193	+25.43630
-0.29368	-9.81590	-29.13556	+0.40081	+0.40119	+0.01191	+25.39508
-0.30131	-10.09459	-29.96276	+0.40095	+0.40113	+0.01185	+25.24514
-0.30894	-10.38180	-30.81526	+0.40113	+0.40150	+0.01187	+25.26981
-0.31657	-10.66967	-31.66970	+0.40071	+0.40099	+0.01177	+25.10330
-0.32420	-10.97372	-32.57221	+0.40076	+0.40124	+0.01170	+24.94182
-0.33182	-11.33672	-33.64965	+0.40079	+0.40104	+0.01171	+24.97203
-0.33945	-11.72247	-34.79462	+0.40069	+0.40100	+0.01153	+24.59565
-0.34708	-11.98928	-35.58660	+0.40093	+0.40107	+0.01143	+24.36199
-0.35471	-12.27067	-36.42181	+0.40105	+0.40130	+0.01109	+23.63510
-0.36234	-12.55208	-37.25708	+0.40060	+0.40109	+0.01070	+22.81999
-0.36996	-12.85395	-38.15311	+0.40070	+0.40153	+0.01010	+21.51933
-0.37759	-13.15167	-39.03678	+0.40070	+0.40127	+0.00914	+19.47243
-0.38522	-13.48024	-40.01204	+0.40085	+0.40162	+0.00784	+16.69435
-0.39285	-13.83042	-41.05145	+0.40028	+0.40158	+0.00571	+12.18117
-0.40048	-14.19754	-42.14115	+0.40067	+0.40178	+0.00265	+5.64739
-0.40811	-14.49542	-43.02532	+0.39974	+0.40173	-0.00044	-0.94739
-0.41573	-14.77241	-43.84747	+0.39994	+0.40204	-0.00363	-7.74195
-0.42336	-15.05378	-44.68264	+0.40008	+0.40234	-0.00685	-14.58804
-0.43099	-15.35057	-45.56356	+0.39985	+0.40280	-0.01033	-21.99153
-0.43862	-15.65500	-46.46717	+0.39932	+0.40261	-0.01437	-30.63191
-0.44625	-15.98357	-47.44244	+0.39964	+0.40322	-0.01862	-39.65152
-0.45387	-16.30716	-48.40292	+0.39941	+0.40349	-0.02316	-49.31395
-0.46150	-16.62402	-49.34341	+0.39920	+0.40386	-0.02739	-58.29816
-0.46913	-17.00684	-50.47971	+0.39884	+0.40394	-0.03248	-69.15290
-0.47676	-17.28046	-51.29185	+0.39877	+0.40414	-0.03571	-76.02401
-0.48439	-17.56474	-52.13565	+0.39846	+0.40409	-0.03854	-82.09897
-0.49202	-17.84681	-52.97289	+0.39852	+0.40436	-0.04118	-87.68632
-0.49964	-18.14918	-53.87041	+0.39848	+0.40448	-0.04370	-93.03371
-0.50727	-18.48873	-54.87825	+0.39839	+0.40464	-0.04627	-98.49624
-0.51490	-18.80354	-55.81266	+0.39823	+0.40480	-0.04837	-102.97040
-0.52253	-19.11621	-56.74074	+0.39814	+0.40474	-0.05017	-106.81477
-0.53016	-19.49931	-57.87786	+0.39829	+0.40494	-0.05229	-111.28291
-0.53778	-19.77610	-58.69941	+0.39785	+0.40493	-0.05369	-114.32703
-0.54541	-20.05386	-59.52387	+0.39823	+0.40511	-0.05472	-116.43732
-0.55304	-20.34443	-60.38633	+0.39812	+0.40505	-0.05576	-118.66628
-0.56067	-20.63974	-61.26288	+0.39818	+0.40535	-0.05652	-120.23591
-0.56830	-20.97050	-62.24463	+0.39775	+0.40500	-0.05732	-122.06557
-0.57592	-21.25898	-63.10090	+0.39791	+0.40521	-0.05801	-123.47204
-0.58355	-21.49906	-63.81352	+0.39795	+0.40545	-0.05866	-124.81587
-0.59118	-21.79418	-64.68948	+0.39805	+0.40532	-0.05927	-126.11926
-0.59881	-22.02961	-65.38830	+0.39799	+0.40538	-0.05955	-126.70462
-0.60644	-22.26787	-66.09548	+0.39796	+0.40551	-0.05981	-127.24155
-0.61407	-22.52471	-66.85784	+0.39781	+0.40546	-0.06016	-128.01601
-0.62169	-22.78857	-67.64102	+0.39772	+0.40541	-0.06034	-128.42528
-0.62932	-23.09232	-68.54264	+0.39795	+0.40545	-0.06056	-128.84940
-0.63695	-23.40264	-69.46370	+0.39783	+0.40547	-0.06079	-129.35506
-0.64458	-23.69686	-70.33702	+0.39757	+0.40551	-0.06096	-129.75046
-0.65221	-24.00147	-71.24116	+0.39789	+0.40545	-0.06101	-129.82004
-0.65983	-24.34631	-72.26470	+0.39779	+0.40552	-0.06109	-130.00687
-0.66746	-24.59452	-73.00147	+0.39762	+0.40534	-0.06134	-130.58789
-0.67509	-24.85233	-73.76668	+0.39812	+0.40542	-0.06153	-130.89048
-0.68272	-25.13546	-74.60709	+0.39782	+0.40553	-0.06160	-131.06999
-0.69035	-25.45696	-75.56134	+0.39784	+0.40551	-0.06167	-131.23289
-0.69797	-25.76658	-76.48037	+0.39762	+0.40521	-0.06176	-131.50794
-0.70560	-26.05286	-77.33009	+0.39777	+0.40526	-0.06178	-131.52007
-0.71323	-26.32530	-78.13875	+0.39784	+0.40545	-0.06178	-131.46989
-0.72086	-26.66272	-79.14029	+0.39781	+0.40524	-0.06182	-131.60120
-0.72849	-26.97438	-80.06535	+0.39761	+0.40558	-0.06191	-131.77125
-0.73612	-27.24860	-80.87931	+0.39792	+0.40560	-0.06185	-131.59035
-0.74374	-27.52251	-81.69231	+0.39786	+0.40558	-0.06189	-131.67247
-0.75137	-27.82476	-82.58947	+0.39765	+0.40529	-0.06193	-131.84835
-0.75900	-28.12458	-83.47937	+0.39739	+0.40531	-0.06204	-132.12075
-0.75900	-28.38211	-84.24378	+0.39786	+0.40548	-0.06197	-131.87390
-0.75137	-28.54931	-84.74007	+0.39806	+0.40585	-0.06191	-131.65161
-0.74374	-28.59184	-84.86629	+0.39752	+0.40535	-0.06196	-131.91387
-0.73612	-28.55721	-84.76351	+0.39794	+0.40572	-0.06214	-132.16640
-0.72849	-28.45771	-84.46816	+0.39759	+0.40529	-0.06203	-132.07227
-0.72086	-28.31818	-84.05401	+0.39769	+0.40540	-0.06199	-131.95543
-0.71323	-28.12501	-83.48066	+0.39770	+0.40551	-0.06213	-132.22233
-0.70560	-27.92362	-82.88288	+0.39786	+0.40563	-0.06220	-132.32705
-0.69797	-27.71695	-82.26946	+0.39762	+0.40555	-0.06221	-132.39959
-0.69035	-27.50501	-81.64036	+0.39778	+0.40562	-0.06222	-132.38059
-0.68272	-27.29048	-81.00360	+0.39782	+0.40548	-0.06217	-132.30317
-0.67509	-27.00588	-80.15884	+0.39760	+0.40548	-0.06222	-132.44822
-0.66746	-26.78315	-79.49773	+0.39800	+0.40545	-0.06215	-132.23870
-0.65983	-26.55137	-78.80977	+0.39796	+0.40560	-0.06209	-132.07578
-0.65221	-26.28201	-78.01026	+0.39769	+0.40532	-0.06202	-132.01684
-0.64458	-25.99847	-77.16867	+0.39767	+0.40556	-0.06208	-132.11351
-0.63695	-25.76666	-76.48059	+0.39782	+0.40557	-0.06214	-132.21499
-0.62932	-25.52423	-75.76103	+0.39796	+0.40565	-0.06206	-132.01870
-0.62169	-25.26283	-74.98514	+0.39764	+0.40516	-0.06205	-132.12308
-0.61407	-24.97578	-74.13312	+0.39802	+0.40551	-0.06209	-132.09107
-0.60644	-24.68476	-73.26930	+0.39778	+0.40563	-0.06219	-132.31597
-0.59881	-24.43325	-72.52276	+0.39750	+0.40552	-0.06222	-132.44068
-0.59118	-24.18067	-71.77307	+0.39798	+0.40550	-0.06216	-132.24539
-0.58355	-23.88079	-70.88296	+0.39802	+0.40559	-0.06221	-132.33145
-0.57592	-23.62514	-70.12414	+0.39802	+0.40569	-0.06218	-132.24885
-0.56830	-23.38774	-69.41948	+0.39768	+0.40553	-0.06226	-132.51042
-0.56067	-23.19755	-68.85498	+0.39782	+0.40564	-0.06225	-132.44615
-0.55304	-22.95821	-68.14456	+0.39800	+0.40564	-0.06226	-132.42238
-0.54541	-22.66845	-67.28448	+0.39772	+0.40549	-0.06230	-132.59496
-0.53778	-22.43957	-66.60514	+0.39775	+0.40558	-0.06239	-132.76266
-0.53016	-22.17795	-65.82860	+0.39782	+0.40592	-0.06242	-132.74977
-0.52253	-21.87687	-64.93493	+0.39765	+0.40539	-0.06243	-132.90127
-0.51490	-21.60246	-64.12041	+0.39767	+0.40547	-0.06243	-132.87319
-0.50727	-21.33746	-63.33384	+0.39782	+0.40567	-0.06243	-132.81118
-0.49964	-21.06996	-62.53984	+0.39782	+0.40558	-0.06248	-132.94227
-0.49202	-20.78307	-61.68832	+0.39762	+0.40541	-0.06251	-133.06043
-0.48439	-20.44532	-60.68580	+0.39823	+0.40579	-0.06259	-133.06744
-0.47676	-20.14524	-59.79511	+0.39764	+0.40545	-0.06254	-133.12531
-0.46913	-19.86016	-58.94892	+0.39777	+0.40533	-0.06254	-133.11154
-0.46150	-19.55890	-58.05474	+0.39811	+0.40563	-0.06256	-133.05405
-0.45387	-19.25696	-57.15850	+0.39789	+0.40580	-0.06254	-133.01373
-0.44625	-18.96665	-56.29682	+0.39744	+0.40534	-0.06256	-133.21381
-0.43862	-18.68629	-55.46464	+0.39778	+0.40536	-0.06243	-132.87719
-0.43099	-18.40047	-54.61628	+0.39803	+0.40568	-0.06246	-132.85429
-0.42336	-18.08980	-53.69416	+0.39787	+0.40560	-0.06249	-132.95302
-0.41573	-17.74430	-52.66863	+0.39762	+0.40528	-0.06237	-132.77712
-0.40811	-17.47100	-51.85743	+0.39784	+0.40552	-0.06238	-132.73640
-0.40048	-17.15741	-50.92664	+0.39744	+0.40520	-0.06243	-132.96282
-0.39285	-16.85416	-50.02653	+0.39763	+0.40554	-0.06251	-133.03316
-0.38522	-16.56135	-49.15740	+0.39779	+0.40552	-0.06245	-132.89479
-0.37759	-16.28056	-48.32397	+0.39772	+0.40556	-0.06238	-132.75450
-0.36996	-15.98879	-47.45792	+0.39747	+0.40540	-0.06242	-132.89784
-0.36234	-15.66024	-46.48272	+0.39772	+0.40565	-0.06242	-132.81469
-0.35471	-15.31253	-45.45065	+0.39767	+0.40556	-0.06239	-132.78297
-0.34708	-15.04094	-44.64453	+0.39787	+0.40550	-0.06245	-132.88853
-0.33945	-14.73285	-43.73006	+0.39801	+0.40559	-0.06241	-132.76311
-0.33182	-14.44431	-42.87360	+0.39762	+0.40550	-0.06253	-133.09488
-0.32420	-14.13383	-41.95204	+0.39769	+0.40547	-0.06241	-132.82429
-0.31657	-13.84973	-41.10876	+0.39765	+0.40537	-0.06246	-132.95295
-0.30894	-13.55403	-40.23106	+0.39757	+0.40554	-0.06245	-132.92914
-0.30131	-13.21630	-39.22863	+0.39795	+0.40557	-0.06240	-132.75539
-0.29368	-12.85884	-38.16760	+0.39782	+0.40545	-0.06236	-132.70876
-0.28606	-12.60193	-37.40506	+0.39780	+0.40559	-0.06225	-132.44912
-0.27843	-12.28974	-36.47839	+0.39775	+0.40550	-0.06223	-132.43172
-0.27080	-11.99302	-35.59769	+0.39766	+0.40560	-0.06212	-132.20658
-0.26317	-11.68496	-34.68329	+0.39763	+0.40536	-0.06206	-132.11266
-0.25554	-11.39554	-33.82423	+0.39770	+0.40525	-0.06221	-132.44041
-0.24791	-11.13888	-33.06243	+0.39790	+0.40548	-0.06216	-132.26060
-0.24029	-10.90619	-32.37175	+0.39775	+0.40547	-0.06214	-132.25437
-0.23266	-10.57975	-31.40282	+0.39773	+0.40556	-0.06209	-132.11784
-0.22503	-10.35228	-30.72764	+0.39776	+0.40537	-0.06205	-132.06107
-0.21740	-10.10139	-29.98294	+0.39757	+0.40507	-0.06217	-132.39542
-0.20977	-9.79044	-29.06000	+0.39770	+0.40535	-0.06216	-132.30540
-0.20215	-9.50987	-28.22718	+0.39785	+0.40533	-0.06218	-132.33289
-0.19452	-9.20190	-27.31308	+0.39780	+0.40566	-0.06218	-132.28422
-0.18689	-8.92025	-26.47708	+0.39739	+0.40533	-0.06215	-132.34197
-0.17926	-8.62796	-25.60950	+0.39777	+0.40533	-0.06212	-132.22636
-0.17163	-8.30695	-24.65670	+0.39777	+0.40575	-0.06204	-131.99288
-0.16401	-7.94581	-23.58476	+0.39793	+0.40556	-0.06207	-132.05653
-0.15638	-7.67198	-22.77198	+0.39791	+0.40547	-0.06216	-132.25272
-0.14875	-7.35094	-21.81906	+0.39769	+0.40566	-0.06211	-132.14910
-0.14112	-7.06799	-20.97921	+0.39783	+0.40539	-0.06209	-132.14918
-0.13349	-6.76320	-20.07453	+0.39770	+0.40547	-0.06202	-132.00321
-0.12586	-6.44958	-19.14365	+0.39793	+0.40561	-0.06206	-132.02289
-0.11824	-6.15266	-18.26232	+0.39788	+0.40568	-0.06207	-132.04109
-0.11061	-5.82126	-17.27866	+0.39778	+0.40530	-0.06204	-132.04620
-0.10298	-5.48451	-16.27912	+0.39781	+0.40593	-0.06209	-132.05724
-0.09535	-5.18153	-15.37982	+0.39747	+0.40525	-0.06210	-132.23799
-0.08772	-4.87120	-14.45871	+0.39757	+0.40536	-0.06210	-132.20198
-0.08010	-4.58685	-13.61469	+0.39790	+0.40549	-0.06215	-132.23942
-0.07247	-4.29394	-12.74527	+0.39779	+0.40546	-0.06215	-132.27042
-0.06484	-3.96976	-11.78305	+0.39779	+0.40537	-0.06223	-132.45525
-0.05721	-3.66405	-10.87563	+0.39777	+0.40561	-0.06225	-132.44582
-0.04958	-3.38310	-10.04171	+0.39760	+0.40537	-0.06227	-132.56407
-0.04195	-3.02047	-8.96536	+0.39756	+0.40536	-0.06241	-132.87347
-0.03433	-2.70640	-8.03313	+0.39775	+0.40567	-0.06238	-132.73346
-0.02670	-2.41566	-7.17016	+0.39793	+0.40556	-0.06246	-132.88752
-0.01907	-2.15193	-6.38735	+0.39769	+0.40545	-0.06252	-133.07206
-0.01144	-1.88414	-5.59251	+0.39758	+0.40529	-0.06253	-133.14027
-0.00381	-1.60057	-4.75081	+0.39777	+0.40552	-0.06256	-133.12597
+0.00381	-1.27915	-3.79678	+0.39772	+0.40563	-0.06251	-133.01707
+0.01144	-1.00133	-2.97215	+0.39766	+0.40567	-0.06257	-133.14249
+0.01907	-0.71656	-2.12691	+0.39761	+0.40543	-0.06263	-133.32043
+0.02670	-0.35205	-1.04496	+0.39758	+0.40566	-0.06261	-133.23549
+0.03433	-0.06711	-0.19919	+0.39748	+0.40520	-0.06273	-133.58869
+0.04195	+0.20433	+0.60650	+0.39784	+0.40570	-0.06259	-133.14825
+0.04958	+0.47615	+1.41330	+0.39776	+0.40578	-0.06264	-133.25296
+0.05721	+0.75145	+2.23047	+0.39775	+0.40541	-0.06260	-133.24008
+0.06484	+1.05398	+3.12842	+0.39774	+0.40544	-0.06255	-133.13194
+0.07247	+1.35584	+4.02442	+0.39759	+0.40550	-0.06272	-133.49442
+0.08010	+1.61841	+4.80378	+0.39769	+0.40572	-0.06272	-133.43949
+0.08772	+1.90165	+5.64447	+0.39755	+0.40549	-0.06273	-133.52932
+0.09535	+2.14588	+6.36939	+0.39757	+0.40568	-0.06264	-133.30173
+0.10298	+2.39137	+7.09807	+0.39769	+0.40566	-0.06273	-133.48563
+0.11061	+2.62828	+7.80127	+0.39737	+0.40533	-0.06281	-133.75449
+0.11824	+2.87900	+8.54543	+0.39764	+0.40570	-0.06275	-133.52295
+0.12586	+3.16207	+9.38565	+0.39796	+0.40551	-0.06263	-133.24636
+0.13349	+3.46936	+10.29774	+0.39771	+0.40533	-0.06262	-133.28897
+0.14112	+3.80919	+11.30643	+0.39767	+0.40565	-0.06264	-133.28837
+0.14875	+4.10982	+12.19877	+0.39790	+0.40531	-0.06269	-133.40812
+0.15638	+4.38630	+13.01942	+0.39748	+0.40532	-0.06269	-133.48420
+0.16401	+4.65733	+13.82387	+0.39773	+0.40534	-0.06263	-133.31033
+0.17163	+4.91786	+14.59719	+0.39801	+0.40542	-0.06250	-132.97809
+0.17926	+5.18734	+15.39707	+0.39774	+0.40565	-0.06247	-132.91638
+0.18689	+5.48258	+16.27339	+0.39759	+0.40536	-0.06252	-133.09359
+0.19452	+5.80693	+17.23614	+0.39758	+0.40538	-0.06245	-132.93770
+0.20215	+6.13707	+18.21604	+0.39796	+0.40572	-0.06244	-132.81214
+0.20977	+6.45203	+19.15092	+0.39779	+0.40541	-0.06240	-132.80855
+0.21740	+6.70873	+19.91285	+0.39780	+0.40533	-0.06247	-132.95331
+0.22503	+7.00035	+20.77844	+0.39765	+0.40556	-0.06252	-133.06412
+0.23266	+7.26641	+21.56816	+0.39771	+0.40568	-0.06253	-133.05625
+0.24029	+7.54262	+22.38801	+0.39749	+0.40520	-0.06249	-133.08630
+0.24791	+7.82709	+23.23238	+0.39776	+0.40558	-0.06250	-132.99027
+0.25554	+8.12727	+24.12335	+0.39773	+0.40550	-0.06248	-132.97010
+0.26317	+8.42418	+25.00464	+0.39800	+0.40572	-0.06249	-132.90543
+0.27080	+8.79802	+26.11428	+0.39749	+0.40534	-0.06257	-133.21736
+0.27843	+9.07265	+26.92944	+0.39766	+0.40546	-0.06255	-133.14466
+0.28606	+9.37518	+27.82740	+0.39798	+0.40538	-0.06262	-133.24858
+0.29368	+9.65838	+28.66800	+0.39762	+0.40536	-0.06248	-133.00409
+0.30131	+9.92367	+29.45542	+0.39771	+0.40533	-0.06260	-133.25123
+0.30894	+10.20606	+30.29363	+0.39780	+0.40549	-0.06275	-133.52584
+0.31657	+10.50515	+31.18140	+0.39773	+0.40515	-0.06262	-133.32976
+0.32420	+10.82252	+32.12339	+0.39788	+0.40564	-0.06259	-133.15313
+0.33182	+11.14011	+33.06608	+0.39751	+0.40524	-0.06248	-133.03934
+0.33945	+11.41414	+33.87945	+0.39771	+0.40543	-0.06240	-132.81130
+0.34708	+11.69671	+34.71817	+0.39744	+0.40549	-0.06214	-132.28420
+0.35471	+11.98850	+35.58425	+0.39774	+0.40539	-0.06164	-131.18502
+0.36234	+12.26512	+36.40534	+0.39773	+0.40529	-0.06110	-130.05988
+0.36996	+12.54253	+37.22875	+0.39763	+0.40503	-0.06009	-127.97612
+0.37759	+12.82768	+38.07511	+0.39801	+0.40528	-0.05884	-125.21218
+0.38522	+13.22980	+39.26869	+0.39777	+0.40497	-0.05658	-120.48963
+0.39285	+13.52132	+40.13398	+0.39801	+0.40483	-0.05413	-115.25151
+0.40048	+13.75987	+40.84205	+0.39842	+0.40455	-0.05166	-109.97048
+0.40811	+13.95729	+41.42803	+0.39843	+0.40476	-0.04907	-104.42560
+0.41573	+14.20501	+42.16332	+0.39824	+0.40437	-0.04584	-97.63908
+0.42336	+14.42938	+42.82927	+0.39859	+0.40413	-0.04310	-91.78998
+0.43099	+14.67243	+43.55070	+0.39873	+0.40419	-0.04026	-85.71238
+0.43862	+14.94405	+44.35694	+0.39883	+0.40383	-0.03735	-79.54366
+0.44625	+15.29693	+45.40436	+0.39874	+0.40336	-0.03283	-69.97050
+0.45387	+15.59022	+46.27489	+0.39920	+0.40315	-0.02883	-61.42690
+0.46150	+15.86772	+47.09856	+0.39948	+0.40300	-0.02519	-53.66695
+0.46913	+16.13591	+47.89462	+0.39943	+0.40294	-0.02194	-46.75442
+0.47676	+16.43356	+48.77810	+0.39952	+0.40255	-0.01870	-39.86528
+0.48439	+16.71106	+49.60177	+0.39968	+0.40252	-0.01556	-33.14940
+0.49202	+16.97857	+50.39578	+0.39973	+0.40231	-0.01295	-27.60945
+0.49964	+17.25742	+51.22348	+0.39976	+0.40218	-0.01039	-22.15067
+0.50727	+17.61295	+52.27877	+0.39998	+0.40205	-0.00753	-16.05755
+0.51490	+17.94131	+53.25340	+0.40019	+0.40193	-0.00477	-10.17554
+0.52253	+18.19360	+54.00224	+0.40001	+0.40199	-0.00302	-6.44372
+0.53016	+18.46321	+54.80251	+0.40015	+0.40146	-0.00151	-3.21587
+0.53778	+18.76064	+55.68533	+0.40034	+0.40159	+0.00004	+0.08735
+0.54541	+19.05768	+56.56701	+0.40034	+0.40144	+0.00134	+2.86544
+0.55304	+19.31866	+57.34163	+0.40020	+0.40166	+0.00237	+5.04710
+0.56067	+19.59838	+58.17191	+0.40028	+0.40135	+0.00342	+7.29012
+0.56830	+19.91342	+59.10701	+0.40073	+0.40157	+0.00435	+9.26916
+0.57592	+20.27677	+60.18551	+0.40036	+0.40114	+0.00553	+11.79339
+0.58355	+20.55036	+60.99759	+0.40036	+0.40115	+0.00611	+13.03356
+0.59118	+20.81875	+61.79423	+0.40063	+0.40152	+0.00670	+14.28757
+0.59881	+21.09644	+62.61847	+0.40065	+0.40133	+0.00724	+15.43254
+0.60644	+21.40163	+63.52431	+0.40064	+0.40140	+0.00757	+16.14009
+0.61407	+21.67967	+64.34959	+0.40048	+0.40116	+0.00798	+17.02493
+0.62169	+21.95108	+65.15520	+0.40034	+0.40108	+0.00839	+17.89664
+0.62932	+22.26291	+66.08078	+0.40040	+0.40129	+0.00848	+18.08979
+0.63695	+22.62653	+67.16008	+0.40064	+0.40115	+0.00881	+18.78927
+0.64458	+22.89614	+67.96032	+0.40054	+0.40116	+0.00905	+19.30321
+0.65221	+23.17718	+68.79451	+0.40070	+0.40101	+0.00936	+19.95995
+0.65983	+23.44768	+69.59739	+0.40050	+0.40117	+0.00942	+20.08548
+0.66746	+23.75186	+70.50028	+0.40017	+0.40110	+0.00954	+20.34206
+0.67509	+24.04142	+71.35975	+0.40050	+0.40089	+0.00976	+20.81317
+0.68272	+24.31481	+72.17121	+0.40074	+0.40093	+0.00975	+20.78594
+0.69035	+24.66736	+73.21765	+0.40040	+0.40101	+0.00988	+21.07700
+0.69797	+24.98509	+74.16076	+0.40056	+0.40089	+0.00999	+21.30167
+0.70560	+25.25955	+74.97541	+0.40083	+0.40109	+0.01007	+21.46864
+0.71323	+25.51509	+75.73389	+0.40068	+0.40121	+0.01009	+21.50397
+0.72086	+25.76283	+76.46923	+0.40061	+0.40096	+0.01003	+21.38613
+0.72849	+26.00917	+77.20041	+0.40048	+0.40118	+0.01017	+21.68501
+0.73612	+26.22938	+77.85405	+0.40076	+0.40127	+0.01024	+21.81917
+0.74374	+26.46502	+78.55347	+0.40061	+0.40123	+0.01019	+21.71755
+0.75137	+26.72743	+79.33236	+0.40031	+0.40073	+0.01008	+21.51771
+0.75900	+27.07748	+80.37137	+0.40063	+0.40101	+0.01001	+21.35534
