# Calibration factor: 1709.400 mdeg# # I     	V_Hall  	B       	I1      	I2      	I12     	Kerr# A     	mV      	mT      	V       	V       	V       	mdeg
+4.21700	+160.70837	+477.01459	+0.57123	+0.57189	+0.00765	+11.44514
+4.17462	+161.02591	+477.95710	+0.57103	+0.57183	+0.00727	+10.87637
+4.13224	+160.97454	+477.80463	+0.57088	+0.57166	+0.00730	+10.92522
+4.08985	+160.55000	+476.54452	+0.57084	+0.57203	+0.00752	+11.25676
+4.04747	+159.87890	+474.55255	+0.57097	+0.57208	+0.00761	+11.38304
+4.00509	+159.02381	+472.01446	+0.57110	+0.57166	+0.00761	+11.39028
+3.96271	+158.01910	+469.03229	+0.57123	+0.57186	+0.00786	+11.75980
+3.92033	+156.96930	+465.91626	+0.57086	+0.57193	+0.00807	+12.07362
+3.87794	+155.53659	+461.66369	+0.57105	+0.57182	+0.00828	+12.39448
+3.83556	+154.34859	+458.13748	+0.57127	+0.57193	+0.00849	+12.69580
+3.79318	+153.18059	+454.67061	+0.57118	+0.57176	+0.00865	+12.94721
+3.75080	+151.91155	+450.90386	+0.57102	+0.57176	+0.00881	+13.18621
+3.70842	+150.41171	+446.45204	+0.57108	+0.57182	+0.00887	+13.27865
+3.66604	+149.06862	+442.46549	+0.57131	+0.57168	+0.00884	+13.23303
+3.62365	+147.44394	+437.64310	+0.57146	+0.57218	+0.00888	+13.28381
+3.58127	+146.08239	+433.60176	+0.57104	+0.57179	+0.00888	+13.28522
+3.53889	+144.62438	+429.27408	+0.57079	+0.57171	+0.00888	+13.30030
+3.49651	+142.89078	+424.12842	+0.57113	+0.57168	+0.00897	+13.43009
+3.45413	+141.40135	+419.70749	+0.57099	+0.57187	+0.00913	+13.66289
+3.41174	+139.81124	+414.98772	+0.57133	+0.57176	+0.00928	+13.88623
+3.36936	+138.19734	+410.19735	+0.57128	+0.57182	+0.00961	+14.37649
+3.32698	+136.71054	+405.78423	+0.57134	+0.57177	+0.00977	+14.62083
+3.28460	+135.13442	+401.10597	+0.57112	+0.57166	+0.00958	+14.33825
+3.24222	+133.43187	+396.05246	+0.57124	+0.57190	+0.00953	+14.25902
+3.19983	+131.90832	+391.53027	+0.57111	+0.57188	+0.00952	+14.24593
+3.15745	+129.53565	+384.48771	+0.57110	+0.57195	+0.00939	+14.05378
+3.11507	+128.26384	+380.71273	+0.57105	+0.57199	+0.00926	+13.85703
+3.07269	+126.83479	+376.47103	+0.57119	+0.57182	+0.00923	+13.81228
+3.03031	+125.29897	+371.91240	+0.57104	+0.57185	+0.00927	+13.87384
+2.98792	+123.87293	+367.67963	+0.57125	+0.57192	+0.00939	+14.04399
+2.94554	+122.39563	+363.29470	+0.57119	+0.57194	+0.00950	+14.21246
+2.90316	+120.60157	+357.96958	+0.57139	+0.57180	+0.00954	+14.26499
+2.86078	+119.02511	+353.29033	+0.57104	+0.57168	+0.00964	+14.43112
+2.81840	+117.05478	+347.44200	+0.57107	+0.57166	+0.00969	+14.49455
+2.77602	+115.57944	+343.06291	+0.57117	+0.57185	+0.00965	+14.44344
+2.73363	+114.07821	+338.60695	+0.57130	+0.57190	+0.00958	+14.33826
+2.69125	+112.36769	+333.52978	+0.57145	+0.57175	+0.00941	+14.08312
+2.64887	+110.72696	+328.65975	+0.57126	+0.57191	+0.00941	+14.08030
+2.60649	+109.17439	+324.05141	+0.57144	+0.57191	+0.00944	+14.11839
+2.56411	+107.30372	+318.49891	+0.57104	+0.57186	+0.00922	+13.79312
+2.52172	+105.67886	+313.67599	+0.57116	+0.57183	+0.00915	+13.68271
+2.47934	+103.67760	+307.73584	+0.57130	+0.57191	+0.00903	+13.50147
+2.43696	+102.01829	+302.81069	+0.57104	+0.57157	+0.00906	+13.56287
+2.39458	+100.56486	+298.49662	+0.57106	+0.57169	+0.00901	+13.49157
+2.35220	+98.90583	+293.57229	+0.57109	+0.57181	+0.00912	+13.64326
+2.30981	+97.28135	+288.75050	+0.57125	+0.57192	+0.00916	+13.69649
+2.26743	+95.71793	+284.10995	+0.57124	+0.57190	+0.00910	+13.61454
+2.22505	+93.91673	+278.76364	+0.57091	+0.57163	+0.00910	+13.61913
+2.18267	+92.33407	+274.06599	+0.57123	+0.57196	+0.00905	+13.53410
+2.14029	+90.39002	+268.29564	+0.57143	+0.57195	+0.00893	+13.35493
+2.09790	+88.75861	+263.45330	+0.57103	+0.57199	+0.00867	+12.97478
+2.05552	+87.28699	+259.08524	+0.57103	+0.57191	+0.00854	+12.78521
+2.01314	+85.73679	+254.48393	+0.57118	+0.57185	+0.00857	+12.81485
+1.97076	+83.91869	+249.08745	+0.57146	+0.57179	+0.00842	+12.58935
+1.92838	+82.36542	+244.47705	+0.57121	+0.57201	+0.00830	+12.41266
+1.88599	+80.73757	+239.64527	+0.57089	+0.57175	+0.00818	+12.24177
+1.84361	+79.05403	+234.64817	+0.57130	+0.57193	+0.00803	+12.01635
+1.80123	+77.09921	+228.84587	+0.57121	+0.57216	+0.00789	+11.79537
+1.75885	+75.38084	+223.74542	+0.57109	+0.57223	+0.00775	+11.59417
+1.71647	+73.86085	+219.23376	+0.57110	+0.57193	+0.00771	+11.53553
+1.67409	+72.31692	+214.65110	+0.57133	+0.57211	+0.00764	+11.42993
+1.63170	+70.68456	+209.80592	+0.57121	+0.57200	+0.00755	+11.28806
+1.58932	+68.99543	+204.79224	+0.57116	+0.57191	+0.00757	+11.33277
+1.54694	+67.36246	+199.94525	+0.57110	+0.57216	+0.00740	+11.06591
+1.50456	+65.62171	+194.77835	+0.57132	+0.57220	+0.00719	+10.74547
+1.46218	+63.83737	+189.48207	+0.57122	+0.57218	+0.00704	+10.52205
+1.41979	+62.01342	+184.06824	+0.57131	+0.57221	+0.00701	+10.48528
+1.37741	+60.52489	+179.64999	+0.57124	+0.57220	+0.00691	+10.33728
+1.33503	+58.96865	+175.03076	+0.57128	+0.57188	+0.00658	+9.83678
+1.29265	+57.34814	+170.22075	+0.57109	+0.57193	+0.00654	+9.79168
+1.25027	+55.67475	+165.25381	+0.57121	+0.57235	+0.00640	+9.57258
+1.20788	+54.10314	+160.58893	+0.57133	+0.57236	+0.00616	+9.20695
+1.16550	+52.33201	+155.33189	+0.57108	+0.57213	+0.00602	+9.00303
+1.12312	+50.34090	+149.42186	+0.57119	+0.57195	+0.00574	+8.59195
+1.08074	+48.67435	+144.47520	+0.57118	+0.57218	+0.00568	+8.50064
+1.03836	+47.23071	+140.19019	+0.57106	+0.57201	+0.00548	+8.19873
+0.99597	+45.69546	+135.63328	+0.57111	+0.57228	+0.00522	+7.81000
+0.95359	+44.08561	+130.85492	+0.57125	+0.57202	+0.00502	+7.50836
+0.91121	+42.39864	+125.84764	+0.57098	+0.57217	+0.00464	+6.93660
+0.86883	+40.84839	+121.24620	+0.57093	+0.57227	+0.00442	+6.62047
+0.82645	+39.24419	+116.48459	+0.57102	+0.57208	+0.00427	+6.39578
+0.78407	+37.40252	+111.01815	+0.57109	+0.57231	+0.00396	+5.92374
+0.74168	+35.34952	+104.92445	+0.57134	+0.57232	+0.00350	+5.23458
+0.69930	+33.93919	+100.73831	+0.57107	+0.57212	+0.00338	+5.05320
+0.65692	+32.47847	+96.40261	+0.57100	+0.57220	+0.00332	+4.97326
+0.61454	+30.97346	+91.93542	+0.57102	+0.57234	+0.00307	+4.58859
+0.57216	+29.29247	+86.94590	+0.57125	+0.57253	+0.00259	+3.87927
+0.52977	+27.74173	+82.34299	+0.57086	+0.57209	+0.00232	+3.47851
+0.48739	+26.21824	+77.82099	+0.57099	+0.57224	+0.00222	+3.32120
+0.44501	+24.51873	+72.77648	+0.57124	+0.57266	+0.00188	+2.81577
+0.40263	+22.59889	+67.07803	+0.57083	+0.57236	+0.00149	+2.24143
+0.36025	+20.95363	+62.19457	+0.57110	+0.57237	+0.00112	+1.67623
+0.31786	+19.55975	+58.05725	+0.57107	+0.57266	+0.00104	+1.56302
+0.27548	+18.06471	+53.61968	+0.57094	+0.57247	+0.00073	+1.09945
+0.23310	+16.49874	+48.97155	+0.57096	+0.57255	+0.00046	+0.69155
+0.19072	+14.83369	+44.02937	+0.57076	+0.57241	+0.00023	+0.34295
+0.14834	+13.37371	+39.69585	+0.57095	+0.57268	-0.00002	-0.03150
+0.10595	+11.52011	+34.19399	+0.57122	+0.57275	-0.00036	-0.53745
+0.06357	+9.96141	+29.56746	+0.57093	+0.57267	-0.00064	-0.95436
+0.02119	+8.18183	+24.28530	+0.57098	+0.57271	-0.00101	-1.51073
-0.02119	+6.74669	+20.02551	+0.57115	+0.57269	-0.00120	-1.79393
-0.06357	+5.32066	+15.79277	+0.57061	+0.57266	-0.00140	-2.09288
-0.10595	+3.76856	+11.18584	+0.57057	+0.57237	-0.00162	-2.42603
-0.14834	+2.04377	+6.06631	+0.57102	+0.57256	-0.00188	-2.81000
-0.19072	+0.48175	+1.42993	+0.57078	+0.57300	-0.00223	-3.33258
-0.23310	-1.32070	-3.92011	+0.57082	+0.57257	-0.00254	-3.79817
-0.27548	-2.89811	-8.60217	+0.57082	+0.57300	-0.00283	-4.22782
-0.31786	-4.83796	-14.36004	+0.57061	+0.57285	-0.00322	-4.80758
-0.36025	-6.52915	-19.37982	+0.57062	+0.57281	-0.00358	-5.34808
-0.40263	-8.05128	-23.89780	+0.57090	+0.57276	-0.00385	-5.74995
-0.44501	-9.76095	-28.97245	+0.57101	+0.57298	-0.00412	-6.14802
-0.48739	-11.30425	-33.55326	+0.57074	+0.57291	-0.00447	-6.67278
-0.52977	-12.94577	-38.42563	+0.57075	+0.57277	-0.00483	-7.21916
-0.57216	-14.67669	-43.56336	+0.57098	+0.57287	-0.00509	-7.60674
-0.61454	-16.46694	-48.87718	+0.57057	+0.57296	-0.00549	-8.20526
-0.65692	-18.44176	-54.73882	+0.57075	+0.57304	-0.00602	-8.99320
-0.69930	-19.90869	-59.09296	+0.57071	+0.57289	-0.00630	-9.41897
-0.74168	-21.40453	-63.53293	+0.57102	+0.57300	-0.00661	-9.87549
-0.78407	-22.97614	-68.19776	+0.57076	+0.57304	-0.00704	-10.51965
-0.82645	-24.45771	-72.59536	+0.57065	+0.57293	-0.00744	-11.11128
-0.86883	-25.98302	-77.12279	+0.57078	+0.57299	-0.00771	-11.52445
-0.91121	-27.51272	-81.66327	+0.57099	+0.57334	-0.00800	-11.95348
-0.95359	-29.17554	-86.59884	+0.57048	+0.57309	-0.00842	-12.59135
-0.99597	-31.31336	-92.94432	+0.57088	+0.57323	-0.00915	-13.67312
-1.03836	-32.71835	-97.11461	+0.57080	+0.57338	-0.00935	-13.96561
-1.08074	-34.22233	-101.57873	+0.57067	+0.57308	-0.00969	-14.48462
-1.12312	-35.82029	-106.32177	+0.57040	+0.57296	-0.01002	-14.97911
-1.16550	-37.30786	-110.73718	+0.57070	+0.57322	-0.01039	-15.52057
-1.20788	-38.82925	-115.25297	+0.57068	+0.57313	-0.01076	-16.07971
-1.25027	-40.35789	-119.79030	+0.57074	+0.57330	-0.01101	-16.44638
-1.29265	-42.19198	-125.23424	+0.57060	+0.57290	-0.01151	-17.20410
-1.33503	-44.34542	-131.62607	+0.57074	+0.57346	-0.01207	-18.02444
-1.37741	-45.76225	-135.83151	+0.57069	+0.57356	-0.01237	-18.47884
-1.41979	-47.33645	-140.50404	+0.57023	+0.57323	-0.01262	-18.86607
-1.46218	-48.86952	-145.05452	+0.57055	+0.57347	-0.01299	-19.40547
-1.50456	-50.36294	-149.48729	+0.57054	+0.57360	-0.01343	-20.05740
-1.54694	-51.92980	-154.13802	+0.57046	+0.57345	-0.01370	-20.47653
-1.58932	-53.50338	-158.80874	+0.57018	+0.57335	-0.01407	-21.02620
-1.63170	-55.27346	-164.06269	+0.57068	+0.57336	-0.01450	-21.65828
-1.67409	-57.37608	-170.30367	+0.57035	+0.57342	-0.01500	-22.42113
-1.71647	-58.83123	-174.62286	+0.57025	+0.57340	-0.01542	-23.04651
-1.75885	-60.42177	-179.34389	+0.57038	+0.57354	-0.01577	-23.56725
-1.80123	-61.84768	-183.57628	+0.57044	+0.57345	-0.01616	-24.14994
-1.84361	-63.30946	-187.91515	+0.57042	+0.57359	-0.01654	-24.70675
-1.88599	-64.81111	-192.37233	+0.57025	+0.57341	-0.01700	-25.40599
-1.92838	-66.33403	-196.89267	+0.57013	+0.57374	-0.01739	-25.98536
-1.97076	-68.31042	-202.75899	+0.57048	+0.57359	-0.01778	-26.56203
-2.01314	-70.07559	-207.99837	+0.56987	+0.57323	-0.01827	-27.31990
-2.05552	-71.70912	-212.84700	+0.57022	+0.57363	-0.01871	-27.95701
-2.09790	-73.16419	-217.16594	+0.57013	+0.57368	-0.01912	-28.56781
-2.14029	-74.64330	-221.55623	+0.57032	+0.57404	-0.01952	-29.15152
-2.18267	-76.14219	-226.00525	+0.57040	+0.57392	-0.01985	-29.64603
-2.22505	-77.70489	-230.64365	+0.56999	+0.57389	-0.02038	-30.45448
-2.26743	-79.26355	-235.27008	+0.57018	+0.57365	-0.02079	-31.06390
-2.30981	-81.33556	-241.42022	+0.57024	+0.57386	-0.02135	-31.89147
-2.35220	-82.89447	-246.04737	+0.57003	+0.57388	-0.02187	-32.68126
-2.39458	-84.55241	-250.96848	+0.56993	+0.57353	-0.02229	-33.31494
-2.43696	-86.11055	-255.59332	+0.57005	+0.57358	-0.02173	-32.47591
-2.47934	-87.60442	-260.02744	+0.57018	+0.57406	-0.02229	-33.30394
-2.52172	-89.12639	-264.54496	+0.56982	+0.57398	-0.02345	-35.04670
-2.56411	-90.69079	-269.18839	+0.56985	+0.57385	-0.02412	-36.04666
-2.60649	-92.25170	-273.82150	+0.57009	+0.57403	-0.02439	-36.43770
-2.64887	-93.96047	-278.89348	+0.56973	+0.57390	-0.02479	-37.05196
-2.69125	-95.89661	-284.64033	+0.56975	+0.57408	-0.02533	-37.85564
-2.73363	-97.50907	-289.42642	+0.56998	+0.57421	-0.02584	-38.59627
-2.77602	-99.16587	-294.34415	+0.56947	+0.57412	-0.02623	-39.21056
-2.81840	-100.59903	-298.59803	+0.56985	+0.57404	-0.02679	-40.02607
-2.86078	-102.10081	-303.05564	+0.56989	+0.57411	-0.02751	-41.10994
-2.90316	-103.61310	-307.54442	+0.56992	+0.57432	-0.02797	-41.77829
-2.94554	-105.13257	-312.05449	+0.56963	+0.57426	-0.02831	-42.29853
-2.98792	-106.66347	-316.59852	+0.56962	+0.57420	-0.02895	-43.26587
-3.03031	-109.02243	-323.60037	+0.56985	+0.57441	-0.03010	-44.96432
-3.07269	-110.64496	-328.41638	+0.56964	+0.57441	-0.03050	-45.56563
-3.11507	-112.21493	-333.07635	+0.56960	+0.57440	-0.03084	-46.07702
-3.15745	-113.61719	-337.23855	+0.56974	+0.57443	-0.03119	-46.59538
-3.19983	-115.08114	-341.58383	+0.56968	+0.57448	-0.03156	-47.15459
-3.24222	-116.54849	-345.93924	+0.56949	+0.57459	-0.03212	-47.98830
-3.28460	-118.05988	-350.42533	+0.56985	+0.57463	-0.03250	-48.54374
-3.32698	-119.63899	-355.11245	+0.56938	+0.57451	-0.03281	-49.03206
-3.36936	-121.62375	-361.00360	+0.56991	+0.57497	-0.03351	-50.03434
-3.41174	-123.40770	-366.29873	+0.56924	+0.57451	-0.03430	-51.26826
-3.45413	-124.99325	-371.00498	+0.56937	+0.57455	-0.03510	-52.45361
-3.49651	-126.42655	-375.25928	+0.56942	+0.57470	-0.03581	-53.49973
-3.53889	-127.92970	-379.72095	+0.56940	+0.57470	-0.03636	-54.31899
-3.58127	-129.40098	-384.08799	+0.56946	+0.57491	-0.03705	-55.33712
-3.62365	-130.93823	-388.65085	+0.56940	+0.57467	-0.03766	-56.26167
-3.66604	-132.49543	-393.27293	+0.56912	+0.57471	-0.03804	-56.85249
-3.70842	-134.34362	-398.75873	+0.56986	+0.57517	-0.03828	-57.14796
-3.75080	-136.01414	-403.71716	+0.56889	+0.57466	-0.03876	-57.93565
-3.79318	-137.68382	-408.67310	+0.56896	+0.57464	-0.03921	-58.60164
-3.83556	-139.33171	-413.56438	+0.56924	+0.57488	-0.03965	-59.24208
-3.87794	-140.77502	-417.84841	+0.56914	+0.57499	-0.04029	-60.18922
-3.92033	-142.24573	-422.21379	+0.56929	+0.57516	-0.04104	-61.30158
-3.96271	-143.77248	-426.74547	+0.56883	+0.57466	-0.04181	-62.50554
-4.00509	-145.25147	-431.13541	+0.56936	+0.57493	-0.04252	-63.51787
-4.04747	-146.88403	-435.98118	+0.56927	+0.57530	-0.04343	-64.85951
-4.08985	-148.75069	-441.52180	+0.56920	+0.57520	-0.04437	-66.27736
-4.13224	-150.36707	-446.31954	+0.56920	+0.57499	-0.04476	-66.87692
-4.17462	-152.08537	-451.41979	+0.56882	+0.57511	-0.04515	-67.46154
-4.21700	-153.54998	-455.76704	+0.56893	+0.57510	-0.04545	-67.91631
-4.21700	-154.90996	-459.80375	+0.56900	+0.57540	-0.04576	-68.34500
-4.17462	-155.84668	-462.58412	+0.56895	+0.57512	-0.04612	-68.90192
-4.13224	-156.20247	-463.64018	+0.56912	+0.57516	-0.04643	-69.36200
-4.08985	-156.11570	-463.38263	+0.56915	+0.57517	-0.04692	-70.09265
-4.04747	-155.68061	-462.09118	+0.56887	+0.57520	-0.04691	-70.09662
-4.00509	-155.14817	-460.51081	+0.56884	+0.57519	-0.04689	-70.05734
-3.96271	-154.42936	-458.37723	+0.56873	+0.57515	-0.04697	-70.18974
-3.92033	-153.65474	-456.07800	+0.56933	+0.57522	-0.04701	-70.21544
-3.87794	-152.78090	-453.48427	+0.56886	+0.57517	-0.04687	-70.02575
-3.83556	-151.76857	-450.47947	+0.56899	+0.57529	-0.04665	-69.69206
-3.79318	-150.68111	-447.25166	+0.56904	+0.57535	-0.04668	-69.72602
-3.75080	-149.39606	-443.43737	+0.56883	+0.57539	-0.04679	-69.89591
-3.70842	-147.90350	-439.00717	+0.56911	+0.57541	-0.04655	-69.51824
-3.66604	-146.64920	-435.28416	+0.56905	+0.57529	-0.04621	-69.03173
-3.62365	-145.28484	-431.23446	+0.56945	+0.57547	-0.04583	-68.42832
-3.58127	-144.00541	-427.43686	+0.56902	+0.57478	-0.04535	-67.77948
-3.53889	-142.70266	-423.57005	+0.56906	+0.57487	-0.04478	-66.91766
-3.49651	-141.36243	-419.59196	+0.56888	+0.57493	-0.04404	-65.81262
-3.45413	-139.96089	-415.43192	+0.56931	+0.57510	-0.04348	-64.94892
-3.41174	-138.05395	-409.77174	+0.56926	+0.57497	-0.04252	-63.52137
-3.36936	-136.68648	-405.71281	+0.56908	+0.57480	-0.04195	-62.69229
-3.32698	-135.19365	-401.28178	+0.56946	+0.57505	-0.04141	-61.84623
-3.28460	-133.66622	-396.74808	+0.56922	+0.57513	-0.04107	-61.34300
-3.24222	-132.20209	-392.40225	+0.56916	+0.57506	-0.04085	-61.01960
-3.19983	-130.75104	-388.09523	+0.56924	+0.57489	-0.04063	-60.70122
-3.15745	-129.24959	-383.63863	+0.56947	+0.57487	-0.04038	-60.32390
-3.11507	-127.62071	-378.80380	+0.56927	+0.57493	-0.03995	-59.68744
-3.07269	-125.88479	-373.65124	+0.56935	+0.57488	-0.03937	-58.81834
-3.03031	-124.44666	-369.38258	+0.56939	+0.57484	-0.03887	-58.06414
-2.98792	-122.83171	-364.58909	+0.56925	+0.57479	-0.03829	-57.20989
-2.94554	-121.19917	-359.74339	+0.56971	+0.57487	-0.03760	-56.15138
-2.90316	-119.64263	-355.12325	+0.56955	+0.57500	-0.03679	-54.94430
-2.86078	-118.12715	-350.62501	+0.56937	+0.57458	-0.03631	-54.24864
-2.81840	-116.56860	-345.99891	+0.56968	+0.57475	-0.03570	-53.31636
-2.77602	-114.57027	-340.06748	+0.56974	+0.57455	-0.03487	-52.08491
-2.73363	-113.09388	-335.68526	+0.56938	+0.57441	-0.03440	-51.41449
-2.69125	-111.59433	-331.23430	+0.56975	+0.57464	-0.03397	-50.74396
-2.64887	-109.96312	-326.39253	+0.56967	+0.57465	-0.03358	-50.16298
-2.60649	-108.15548	-321.02710	+0.56984	+0.57472	-0.03314	-49.49941
-2.56411	-106.64173	-316.53397	+0.56965	+0.57478	-0.03270	-48.84216
-2.52172	-105.13804	-312.07073	+0.56965	+0.57441	-0.03232	-48.28312
-2.47934	-103.20980	-306.34733	+0.56991	+0.57438	-0.03166	-47.28676
-2.43696	-101.53850	-301.38657	+0.57009	+0.57417	-0.03110	-46.45785
-2.39458	-100.07010	-297.02807	+0.56991	+0.57434	-0.03071	-45.88257
-2.35220	-98.53814	-292.48092	+0.56977	+0.57430	-0.03010	-44.97774
-2.30981	-96.88790	-287.58265	+0.56978	+0.57457	-0.02941	-43.93728
-2.26743	-94.96476	-281.87440	+0.56983	+0.57447	-0.02879	-43.00212
-2.22505	-93.39144	-277.20448	+0.56996	+0.57427	-0.02821	-42.14846
-2.18267	-91.89851	-272.77316	+0.57010	+0.57454	-0.02782	-41.55231
-2.14029	-89.94323	-266.96949	+0.56974	+0.57405	-0.02729	-40.77738
-2.09790	-88.38670	-262.34941	+0.57012	+0.57424	-0.02679	-40.02228
-2.05552	-86.85638	-257.80712	+0.57012	+0.57426	-0.02647	-39.54255
-2.01314	-85.30026	-253.18824	+0.56996	+0.57417	-0.02615	-39.06050
-1.97076	-83.62746	-248.22302	+0.56998	+0.57384	-0.02564	-38.32092
-1.92838	-81.92341	-243.16505	+0.57009	+0.57392	-0.02513	-37.55451
-1.88599	-80.47158	-238.85575	+0.57012	+0.57429	-0.02488	-37.16707
-1.84361	-78.92222	-234.25694	+0.57025	+0.57419	-0.02445	-36.52547
-1.80123	-76.94862	-228.39890	+0.56996	+0.57407	-0.02386	-35.64361
-1.75885	-75.43886	-223.91762	+0.57003	+0.57407	-0.02359	-35.24989
-1.71647	-73.93581	-219.45628	+0.57014	+0.57398	-0.02322	-34.68670
-1.67409	-72.37179	-214.81396	+0.57007	+0.57381	-0.02282	-34.09715
-1.63170	-70.76616	-210.04811	+0.56997	+0.57391	-0.02218	-33.14734
-1.58932	-68.92329	-204.57810	+0.57021	+0.57392	-0.02164	-32.33830
-1.54694	-67.51514	-200.39845	+0.57028	+0.57395	-0.02143	-32.01518
-1.50456	-65.86264	-195.49349	+0.57008	+0.57376	-0.02102	-31.41401
-1.46218	-63.97539	-189.89175	+0.57025	+0.57401	-0.02044	-30.53657
-1.41979	-62.49363	-185.49358	+0.57020	+0.57409	-0.01989	-29.71739
-1.37741	-61.00609	-181.07827	+0.57035	+0.57369	-0.01970	-29.43248
-1.33503	-59.46780	-176.51233	+0.57051	+0.57372	-0.01944	-29.03470
-1.29265	-57.86600	-171.75787	+0.57040	+0.57384	-0.01885	-28.16042
-1.25027	-55.95732	-166.09253	+0.57035	+0.57365	-0.01850	-27.63989
-1.20788	-54.34290	-161.30060	+0.57040	+0.57361	-0.01818	-27.16721
-1.16550	-52.77464	-156.64568	+0.57002	+0.57358	-0.01778	-26.56894
-1.12312	-50.82558	-150.86049	+0.57051	+0.57386	-0.01723	-25.73004
-1.08074	-49.30345	-146.34250	+0.57021	+0.57368	-0.01683	-25.14953
-1.03836	-47.70802	-141.60695	+0.57023	+0.57355	-0.01651	-24.66781
-0.99597	-46.19722	-137.12258	+0.57047	+0.57368	-0.01603	-23.94506
-0.95359	-44.60968	-132.41046	+0.57043	+0.57365	-0.01560	-23.30287
-0.91121	-42.71450	-126.78517	+0.57056	+0.57372	-0.01530	-22.85956
-0.86883	-41.17223	-122.20742	+0.57031	+0.57337	-0.01481	-22.13308
-0.82645	-39.64696	-117.68011	+0.57077	+0.57357	-0.01425	-21.28058
-0.78407	-37.87779	-112.42885	+0.57030	+0.57349	-0.01380	-20.62697
-0.74168	-36.22512	-107.52340	+0.57058	+0.57352	-0.01351	-20.17596
-0.69930	-34.77474	-103.21838	+0.57061	+0.57338	-0.01324	-19.78311
-0.65692	-33.27202	-98.75800	+0.57060	+0.57357	-0.01277	-19.08258
-0.61454	-31.70284	-94.10036	+0.57072	+0.57355	-0.01253	-18.71641
-0.57216	-29.90384	-88.76059	+0.57051	+0.57348	-0.01221	-18.24800
-0.52977	-28.36961	-84.20667	+0.57060	+0.57324	-0.01171	-17.49845
-0.48739	-26.82410	-79.61930	+0.57087	+0.57321	-0.01123	-16.77283
-0.44501	-25.24257	-74.92500	+0.57093	+0.57348	-0.01087	-16.23587
-0.40263	-23.23301	-68.96022	+0.57129	+0.57341	-0.01054	-15.74403
-0.36025	-21.58075	-64.05599	+0.57088	+0.57328	-0.01018	-15.20953
-0.31786	-20.02620	-59.44175	+0.57079	+0.57338	-0.00984	-14.70123
-0.27548	-18.45236	-54.77029	+0.57066	+0.57321	-0.00948	-14.15892
-0.23310	-16.48852	-48.94124	+0.57088	+0.57351	-0.00900	-13.44792
-0.19072	-14.98080	-44.46602	+0.57083	+0.57321	-0.00877	-13.09627
-0.14834	-13.42214	-39.83959	+0.57074	+0.57332	-0.00848	-12.67600
-0.10595	-11.59631	-34.42016	+0.57048	+0.57312	-0.00811	-12.11674
-0.06357	-9.53191	-28.29260	+0.57101	+0.57323	-0.00774	-11.56555
-0.02119	-7.98299	-23.69510	+0.57096	+0.57326	-0.00752	-11.23028
+0.02119	-6.47291	-19.21289	+0.57108	+0.57324	-0.00711	-10.61403
+0.06357	-4.85532	-14.41157	+0.57065	+0.57308	-0.00678	-10.13442
+0.10595	-3.21481	-9.54219	+0.57099	+0.57303	-0.00655	-9.79176
+0.14834	-1.59264	-4.72726	+0.57096	+0.57322	-0.00629	-9.39571
+0.19072	-0.09675	-0.28717	+0.57109	+0.57310	-0.00604	-9.02756
+0.23310	+1.70450	+5.05930	+0.57096	+0.57315	-0.00586	-8.76143
+0.27548	+3.27278	+9.71427	+0.57119	+0.57303	-0.00547	-8.17496
+0.31786	+4.76349	+14.13898	+0.57130	+0.57339	-0.00525	-7.84176
+0.36025	+6.34921	+18.84573	+0.57094	+0.57283	-0.00506	-7.56480
+0.40263	+7.88089	+23.39206	+0.57093	+0.57310	-0.00488	-7.29073
+0.44501	+9.42684	+27.98076	+0.57093	+0.57309	-0.00456	-6.80872
+0.48739	+11.07457	+32.87153	+0.57128	+0.57318	-0.00422	-6.29801
+0.52977	+12.63281	+37.49670	+0.57096	+0.57291	-0.00407	-6.07564
+0.57216	+14.58515	+43.29164	+0.57118	+0.57308	-0.00371	-5.54494
+0.61454	+16.06296	+47.67808	+0.57123	+0.57327	-0.00348	-5.19541
+0.65692	+17.62874	+52.32562	+0.57100	+0.57286	-0.00343	-5.12240
+0.69930	+19.13435	+56.79457	+0.57108	+0.57288	-0.00326	-4.86550
+0.74168	+20.61459	+61.18822	+0.57105	+0.57302	-0.00301	-4.49320
+0.78407	+22.13550	+65.70258	+0.57131	+0.57301	-0.00277	-4.13673
+0.82645	+23.75461	+70.50844	+0.57117	+0.57288	-0.00262	-3.90802
+0.86883	+25.58848	+75.95172	+0.57119	+0.57293	-0.00239	-3.56586
+0.91121	+27.43520	+81.43316	+0.57113	+0.57290	-0.00212	-3.16077
+0.95359	+28.96167	+85.96403	+0.57112	+0.57285	-0.00196	-2.93361
+0.99597	+30.44807	+90.37595	+0.57132	+0.57307	-0.00177	-2.63913
+1.03836	+31.93633	+94.79340	+0.57122	+0.57290	-0.00162	-2.42786
+1.08074	+33.48530	+99.39107	+0.57125	+0.57312	-0.00146	-2.17316
+1.12312	+35.05077	+104.03771	+0.57127	+0.57286	-0.00117	-1.74846
+1.16550	+36.76808	+109.13500	+0.57138	+0.57310	-0.00107	-1.59880
+1.20788	+38.38520	+113.93495	+0.57133	+0.57301	-0.00099	-1.48318
+1.25027	+40.42526	+119.99027	+0.57130	+0.57277	-0.00064	-0.95349
+1.29265	+42.10120	+124.96479	+0.57124	+0.57288	-0.00035	-0.51527
+1.33503	+43.52977	+129.20506	+0.57136	+0.57294	-0.00032	-0.48295
+1.37741	+44.98081	+133.51205	+0.57140	+0.57310	-0.00028	-0.41189
+1.41979	+46.49953	+138.01990	+0.57102	+0.57287	-0.00020	-0.29067
+1.46218	+48.11235	+142.80709	+0.57120	+0.57293	-0.00008	-0.12126
+1.50456	+49.70485	+147.53392	+0.57146	+0.57306	-0.00030	-0.44733
+1.54694	+51.55225	+153.01740	+0.57122	+0.57303	-0.00059	-0.88525
+1.58932	+53.72039	+159.45287	+0.57111	+0.57288	-0.00065	-0.97772
+1.63170	+55.18695	+163.80592	+0.57132	+0.57277	-0.00067	-0.99850
+1.67409	+56.68686	+168.25795	+0.57106	+0.57268	-0.00027	-0.39877
+1.71647	+58.23265	+172.84615	+0.57097	+0.57260	+0.00045	+0.66862
+1.75885	+59.78089	+177.44164	+0.57112	+0.57248	+0.00140	+2.09957
+1.80123	+61.31004	+181.98047	+0.57103	+0.57258	+0.00213	+3.18315
+1.84361	+63.00291	+187.00522	+0.57107	+0.57244	+0.00245	+3.66331
+1.88599	+64.86511	+192.53263	+0.57105	+0.57262	+0.00251	+3.74843
+1.92838	+66.74273	+198.10578	+0.57147	+0.57281	+0.00295	+4.41152
+1.97076	+68.38134	+202.96948	+0.57118	+0.57261	+0.00346	+5.17873
+2.01314	+69.83307	+207.27853	+0.57123	+0.57264	+0.00370	+5.52322
+2.05552	+71.34499	+211.76621	+0.57121	+0.57263	+0.00406	+6.06932
+2.09790	+72.91408	+216.42356	+0.57161	+0.57267	+0.00427	+6.38504
+2.14029	+74.59379	+221.40929	+0.57117	+0.57270	+0.00436	+6.52291
+2.18267	+76.25402	+226.33720	+0.57117	+0.57263	+0.00392	+5.85198
+2.22505	+77.93036	+231.31289	+0.57157	+0.57251	+0.00334	+4.98510
+2.26743	+79.67288	+236.48506	+0.57125	+0.57271	+0.00321	+4.80361
+2.30981	+81.67726	+242.43443	+0.57147	+0.57258	+0.00309	+4.61531
+2.35220	+83.11543	+246.70322	+0.57155	+0.57288	+0.00311	+4.64292
+2.39458	+84.54472	+250.94564	+0.57152	+0.57277	+0.00320	+4.78434
+2.43696	+86.06244	+255.45052	+0.57137	+0.57292	+0.00343	+5.12632
+2.47934	+87.75358	+260.47019	+0.57144	+0.57255	+0.00349	+5.21268
+2.52172	+89.37976	+265.29701	+0.57167	+0.57268	+0.00352	+5.25750
+2.56411	+91.06680	+270.30447	+0.57154	+0.57278	+0.00373	+5.57033
+2.60649	+92.58656	+274.81544	+0.57153	+0.57286	+0.00388	+5.79901
+2.64887	+94.75624	+281.25546	+0.57147	+0.57285	+0.00386	+5.77318
+2.69125	+96.21422	+285.58305	+0.57156	+0.57286	+0.00402	+6.01199
+2.73363	+97.69734	+289.98523	+0.57138	+0.57300	+0.00411	+6.13846
+2.77602	+99.27685	+294.67353	+0.57142	+0.57270	+0.00409	+6.10577
+2.81840	+100.95053	+299.64137	+0.57148	+0.57281	+0.00398	+5.95137
+2.86078	+102.62775	+304.61969	+0.57146	+0.57293	+0.00402	+6.00477
+2.90316	+104.22631	+309.36454	+0.57147	+0.57298	+0.00401	+5.98220
+2.94554	+105.75478	+313.90133	+0.57152	+0.57293	+0.00387	+5.78630
+2.98792	+107.65763	+319.54937	+0.57171	+0.57281	+0.00383	+5.72279
+3.03031	+109.34134	+324.54697	+0.57168	+0.57287	+0.00396	+5.92041
+3.07269	+110.79179	+328.85220	+0.57136	+0.57263	+0.00399	+5.96877
+3.11507	+112.44565	+333.76118	+0.57140	+0.57286	+0.00397	+5.93767
+3.15745	+114.00966	+338.40348	+0.57164	+0.57278	+0.00419	+6.26211
+3.19983	+115.55582	+342.99279	+0.57149	+0.57284	+0.00443	+6.61892
+3.24222	+117.17644	+347.80310	+0.57113	+0.57252	+0.00439	+6.56309
+3.28460	+118.68609	+352.28406	+0.57137	+0.57255	+0.00434	+6.49266
+3.32698	+120.21602	+356.82518	+0.57154	+0.57264	+0.00434	+6.47768
+3.36936	+122.20532	+362.72982	+0.57149	+0.57272	+0.00422	+6.30157
+3.41174	+123.70000	+367.16634	+0.57142	+0.57258	+0.00410	+6.12932
+3.45413	+125.19237	+371.59600	+0.57148	+0.57286	+0.00402	+6.00013
+3.49651	+126.87317	+376.58494	+0.57161	+0.57249	+0.00386	+5.77458
+3.53889	+128.46635	+381.31382	+0.57136	+0.57262	+0.00380	+5.67904
+3.58127	+130.21455	+386.50283	+0.57158	+0.57265	+0.00380	+5.67882
+3.62365	+131.75836	+391.08516	+0.57155	+0.57307	+0.00389	+5.80619
+3.66604	+133.48958	+396.22376	+0.57121	+0.57241	+0.00406	+6.06261
+3.70842	+135.44489	+402.02751	+0.57134	+0.57270	+0.00419	+6.25846
+3.75080	+136.91507	+406.39131	+0.57143	+0.57266	+0.00423	+6.31885
+3.79318	+138.49935	+411.09378	+0.57135	+0.57261	+0.00427	+6.38621
+3.83556	+140.20312	+416.15091	+0.57149	+0.57252	+0.00431	+6.44595
+3.87794	+141.94667	+421.32611	+0.57151	+0.57266	+0.00406	+6.06451
+3.92033	+143.59848	+426.22902	+0.57158	+0.57290	+0.00367	+5.48664
+3.96271	+145.14312	+430.81381	+0.57141	+0.57272	+0.00340	+5.07558
+4.00509	+146.69620	+435.42366	+0.57145	+0.57264	+0.00326	+4.87053
+4.04747	+148.71348	+441.41134	+0.57139	+0.57255	+0.00298	+4.45355
+4.08985	+150.25739	+445.99398	+0.57135	+0.57274	+0.00294	+4.38794
+4.13224	+151.95838	+451.04286	+0.57132	+0.57264	+0.00303	+4.53360
+4.17462	+153.56938	+455.82464	+0.57134	+0.57247	+0.00309	+4.62562
+4.21700	+155.13370	+460.46785	+0.57151	+0.57285	+0.00324	+4.83328
