# Calibration factor: 2898.500 mdeg# # I     	V_Hall  	B       	I1      	I2      	I12     	Kerr# A     	mV      	mT      	V       	V       	V       	mdeg
+0.25300	+9.28863	+27.57052	+0.90507	+0.90910	-0.02372	-37.90126
+0.24960	+9.31624	+27.65245	+0.90489	+0.90849	-0.02399	-38.34640
+0.24621	+9.29754	+27.59695	+0.90485	+0.90914	-0.02405	-38.42369
+0.24281	+9.25413	+27.46810	+0.90475	+0.90863	-0.02487	-39.74598
+0.23942	+9.17884	+27.24463	+0.90475	+0.90861	-0.02438	-38.96766
+0.23602	+9.08662	+26.97092	+0.90490	+0.90875	-0.02380	-38.03161
+0.23262	+8.97133	+26.62870	+0.90466	+0.90863	-0.02432	-38.88050
+0.22923	+8.89430	+26.40006	+0.90496	+0.90880	-0.02472	-39.50585
+0.22583	+8.82463	+26.19327	+0.90512	+0.90882	-0.02423	-38.72306
+0.22244	+8.73661	+25.93202	+0.90465	+0.90862	-0.02379	-38.02713
+0.21904	+8.63790	+25.63900	+0.90459	+0.90868	-0.02440	-39.00651
+0.21564	+8.51001	+25.25941	+0.90510	+0.90883	-0.02473	-39.52003
+0.21225	+8.38822	+24.89793	+0.90477	+0.90881	-0.02403	-38.40783
+0.20885	+8.28135	+24.58072	+0.90458	+0.90845	-0.02398	-38.34293
+0.20546	+8.17822	+24.27458	+0.90484	+0.90876	-0.02442	-39.02543
+0.20206	+8.08806	+24.00698	+0.90476	+0.90884	-0.02461	-39.33337
+0.19866	+7.99089	+23.71855	+0.90477	+0.90852	-0.02404	-38.42780
+0.19527	+7.88564	+23.40617	+0.90470	+0.90872	-0.02368	-37.85569
+0.19187	+7.76891	+23.05967	+0.90485	+0.90881	-0.02429	-38.82010
+0.18848	+7.62924	+22.64511	+0.90477	+0.90870	-0.02416	-38.61996
+0.18508	+7.50179	+22.26680	+0.90488	+0.90863	-0.02384	-38.10216
+0.18168	+7.38625	+21.92386	+0.90482	+0.90880	-0.02388	-38.17241
+0.17829	+7.25962	+21.54801	+0.90456	+0.90845	-0.02424	-38.76226
+0.17489	+7.14137	+21.19701	+0.90495	+0.90884	-0.02450	-39.14625
+0.17150	+7.05500	+20.94065	+0.90499	+0.90865	-0.02381	-38.05505
+0.16810	+6.95028	+20.62983	+0.90442	+0.90872	-0.02380	-38.04800
+0.16470	+6.82359	+20.25379	+0.90476	+0.90855	-0.02421	-38.69674
+0.16131	+6.69330	+19.86705	+0.90477	+0.90872	-0.02430	-38.83333
+0.15791	+6.56310	+19.48061	+0.90506	+0.90859	-0.02375	-37.96223
+0.15452	+6.44251	+19.12266	+0.90455	+0.90871	-0.02393	-38.24877
+0.15112	+6.33718	+18.81002	+0.90482	+0.90876	-0.02441	-39.01099
+0.14772	+6.23409	+18.50402	+0.90484	+0.90885	-0.02442	-39.02818
+0.14433	+6.13688	+18.21548	+0.90502	+0.90859	-0.02380	-38.03470
+0.14093	+6.01926	+17.86636	+0.90485	+0.90865	-0.02404	-38.42888
+0.13754	+5.88584	+17.47034	+0.90514	+0.90908	-0.02454	-39.20893
+0.13414	+5.75749	+17.08938	+0.90481	+0.90870	-0.02444	-39.06223
+0.13074	+5.63188	+16.71655	+0.90472	+0.90894	-0.02398	-38.32310
+0.12735	+5.52836	+16.40927	+0.90498	+0.90887	-0.02457	-39.26934
+0.12395	+5.43488	+16.13182	+0.90495	+0.90901	-0.02508	-40.08052
+0.12056	+5.32472	+15.80485	+0.90481	+0.90865	-0.02469	-39.45854
+0.11716	+5.19959	+15.43343	+0.90492	+0.90898	-0.02428	-38.80231
+0.11377	+5.07017	+15.04927	+0.90482	+0.90877	-0.02494	-39.86284
+0.11037	+4.93669	+14.65308	+0.90481	+0.90902	-0.02553	-40.79333
+0.10697	+4.80214	+14.25371	+0.90476	+0.90863	-0.02494	-39.87113
+0.10358	+4.65691	+13.82265	+0.90497	+0.90890	-0.02443	-39.04764
+0.10018	+4.53136	+13.44998	+0.90476	+0.90862	-0.02525	-40.37150
+0.09679	+4.43239	+13.15623	+0.90467	+0.90880	-0.02571	-41.09210
+0.09339	+4.33290	+12.86091	+0.90489	+0.90853	-0.02508	-40.08482
+0.08999	+4.19225	+12.44344	+0.90462	+0.90869	-0.02457	-39.28130
+0.08660	+4.08009	+12.11051	+0.90500	+0.90900	-0.02510	-40.10946
+0.08320	+3.94935	+11.72246	+0.90491	+0.90914	-0.02545	-40.66831
+0.07981	+3.82127	+11.34229	+0.90476	+0.90880	-0.02484	-39.70760
+0.07641	+3.69534	+10.96849	+0.90491	+0.90876	-0.02462	-39.34516
+0.07301	+3.58136	+10.63018	+0.90501	+0.90881	-0.02535	-40.51618
+0.06962	+3.48758	+10.35184	+0.90512	+0.90916	-0.02540	-40.58557
+0.06622	+3.38675	+10.05254	+0.90486	+0.90865	-0.02483	-39.68681
+0.06283	+3.23680	+9.60746	+0.90500	+0.90925	-0.02463	-39.35410
+0.05943	+3.09735	+9.19355	+0.90488	+0.90878	-0.02482	-39.67312
+0.05603	+2.97302	+8.82452	+0.90480	+0.90886	-0.02524	-40.33465
+0.05264	+2.84183	+8.43513	+0.90482	+0.90854	-0.02483	-39.68870
+0.04924	+2.71881	+8.06998	+0.90498	+0.90909	-0.02430	-38.83226
+0.04585	+2.63611	+7.82451	+0.90468	+0.90872	-0.02474	-39.54497
+0.04245	+2.53181	+7.51493	+0.90476	+0.90886	-0.02515	-40.20465
+0.03905	+2.41041	+7.15459	+0.90505	+0.90861	-0.02498	-39.93129
+0.03566	+2.26747	+6.73032	+0.90469	+0.90859	-0.02403	-38.42139
+0.03226	+2.11670	+6.28280	+0.90482	+0.90870	-0.02440	-39.00638
+0.02887	+1.99253	+5.91423	+0.90493	+0.90884	-0.02485	-39.71877
+0.02547	+1.87241	+5.55768	+0.90492	+0.90867	-0.02449	-39.15260
+0.02207	+1.73603	+5.15287	+0.90466	+0.90861	-0.02355	-37.65367
+0.01868	+1.61288	+4.78737	+0.90479	+0.90870	-0.02372	-37.92086
+0.01528	+1.51595	+4.49966	+0.90475	+0.90896	-0.02444	-39.05856
+0.01189	+1.40896	+4.18207	+0.90484	+0.90854	-0.02425	-38.76822
+0.00849	+1.25008	+3.71050	+0.90487	+0.90866	-0.02321	-37.09829
+0.00509	+1.11350	+3.30510	+0.90531	+0.90886	-0.02381	-38.05109
+0.00170	+0.99497	+2.95327	+0.90487	+0.90873	-0.02403	-38.40687
-0.00170	+0.87120	+2.58591	+0.90485	+0.90847	-0.02316	-37.02434
-0.00509	+0.76449	+2.26916	+0.90507	+0.90859	-0.02262	-36.15268
-0.00849	+0.66589	+1.97648	+0.90494	+0.90869	-0.02316	-37.01921
-0.01189	+0.55211	+1.63876	+0.90459	+0.90843	-0.02338	-37.37444
-0.01528	+0.42766	+1.26938	+0.90509	+0.90870	-0.02260	-36.12483
-0.01868	+0.28463	+0.84483	+0.90471	+0.90868	-0.02241	-35.82439
-0.02207	+0.13900	+0.41259	+0.90481	+0.90874	-0.02247	-35.90977
-0.02547	+0.01517	+0.04504	+0.90482	+0.90865	-0.02254	-36.02256
-0.02887	-0.09061	-0.26894	+0.90501	+0.90871	-0.02227	-35.58690
-0.03226	-0.18333	-0.54416	+0.90483	+0.90855	-0.02197	-35.11723
-0.03566	-0.31135	-0.92416	+0.90488	+0.90856	-0.02219	-35.47352
-0.03905	-0.42921	-1.27398	+0.90507	+0.90878	-0.02226	-35.56546
-0.04245	-0.55577	-1.64963	+0.90508	+0.90850	-0.02183	-34.88666
-0.04585	-0.70423	-2.09031	+0.90445	+0.90850	-0.02162	-34.57273
-0.04924	-0.86509	-2.56775	+0.90516	+0.90871	-0.02187	-34.94689
-0.05264	-0.99041	-2.93974	+0.90489	+0.90851	-0.02214	-35.39166
-0.05603	-1.10901	-3.29177	+0.90492	+0.90863	-0.02157	-34.48208
-0.05943	-1.21341	-3.60163	+0.90494	+0.90846	-0.02152	-34.40795
-0.06283	-1.32020	-3.91861	+0.90471	+0.90864	-0.02201	-35.18776
-0.06622	-1.43854	-4.26988	+0.90476	+0.90837	-0.02194	-35.07813
-0.06962	-1.55326	-4.61038	+0.90501	+0.90838	-0.02149	-34.34681
-0.07301	-1.70732	-5.06767	+0.90490	+0.90875	-0.02167	-34.63836
-0.07641	-1.84491	-5.47605	+0.90479	+0.90862	-0.02198	-35.13940
-0.07981	-1.97291	-5.85600	+0.90466	+0.90845	-0.02194	-35.08053
-0.08320	-2.08777	-6.19692	+0.90489	+0.90859	-0.02145	-34.28625
-0.08660	-2.18750	-6.49293	+0.90445	+0.90816	-0.02177	-34.82125
-0.08999	-2.30521	-6.84233	+0.90427	+0.90806	-0.02221	-35.52917
-0.09339	-2.44584	-7.25973	+0.90415	+0.90789	-0.02264	-36.21815
-0.09679	-2.58178	-7.66323	+0.90388	+0.90759	-0.02273	-36.36750
-0.10018	-2.74164	-8.13773	+0.90353	+0.90739	-0.02236	-35.79428
-0.10358	-2.91795	-8.66106	+0.90416	+0.90744	-0.02041	-32.65261
-0.10697	-3.01885	-8.96056	+0.90395	+0.90712	-0.01848	-29.58432
-0.11037	-3.10781	-9.22459	+0.90401	+0.90714	-0.01708	-27.33967
-0.11377	-3.22654	-9.57700	+0.90410	+0.90723	-0.01657	-26.51647
-0.11716	-3.34768	-9.93659	+0.90403	+0.90747	-0.01634	-26.14967
-0.12056	-3.49787	-10.38238	+0.90396	+0.90699	-0.01578	-25.25721
-0.12395	-3.64486	-10.81866	+0.90431	+0.90725	-0.01485	-23.75873
-0.12735	-3.78743	-11.24185	+0.90438	+0.90737	-0.01455	-23.28218
-0.13074	-3.97076	-11.78600	+0.90424	+0.90723	-0.01457	-23.32018
-0.13414	-4.11229	-12.20611	+0.90431	+0.90720	-0.01358	-21.73553
-0.13754	-4.22206	-12.53192	+0.90449	+0.90715	-0.01285	-20.56468
-0.14093	-4.31733	-12.81470	+0.90452	+0.90737	-0.01304	-20.85837
-0.14433	-4.42779	-13.14258	+0.90426	+0.90727	-0.01372	-21.94843
-0.14772	-4.55755	-13.52771	+0.90455	+0.90733	-0.01385	-22.15393
-0.15112	-4.70969	-13.97931	+0.90443	+0.90723	-0.01314	-21.02045
-0.15452	-4.85592	-14.41335	+0.90433	+0.90743	-0.01354	-21.66487
-0.15791	-4.98651	-14.80096	+0.90433	+0.90726	-0.01403	-22.45864
-0.16131	-5.12442	-15.21030	+0.90472	+0.90735	-0.01382	-22.11183
-0.16470	-5.21948	-15.49245	+0.90423	+0.90718	-0.01350	-21.60788
-0.16810	-5.33753	-15.84286	+0.90439	+0.90737	-0.01357	-21.71079
-0.17150	-5.46314	-16.21568	+0.90443	+0.90749	-0.01415	-22.64407
-0.17489	-5.60583	-16.63923	+0.90471	+0.90737	-0.01411	-22.57309
-0.17829	-5.74449	-17.05080	+0.90424	+0.90712	-0.01375	-22.00022
-0.18168	-5.89776	-17.50574	+0.90454	+0.90727	-0.01395	-22.32276
-0.18508	-6.01931	-17.86651	+0.90455	+0.90744	-0.01415	-22.64298
-0.18848	-6.13867	-18.22081	+0.90428	+0.90700	-0.01394	-22.31670
-0.19187	-6.27242	-18.61779	+0.90444	+0.90732	-0.01403	-22.44293
-0.19527	-6.39179	-18.97210	+0.90433	+0.90738	-0.01430	-22.88351
-0.19866	-6.51604	-19.34091	+0.90445	+0.90725	-0.01450	-23.20839
-0.20206	-6.65713	-19.75969	+0.90427	+0.90700	-0.01409	-22.55498
-0.20546	-6.81156	-20.21808	+0.90463	+0.90768	-0.01420	-22.71066
-0.20885	-6.96322	-20.66823	+0.90441	+0.90717	-0.01482	-23.71596
-0.21225	-7.09864	-21.07018	+0.90407	+0.90703	-0.01460	-23.36752
-0.21564	-7.24239	-21.49688	+0.90490	+0.90745	-0.01425	-22.78939
-0.21904	-7.34890	-21.81302	+0.90414	+0.90751	-0.01476	-23.61650
-0.22244	-7.46365	-22.15359	+0.90420	+0.90735	-0.01514	-24.22214
-0.22583	-7.59161	-22.53341	+0.90427	+0.90720	-0.01474	-23.58878
-0.22923	-7.73104	-22.94729	+0.90440	+0.90738	-0.01436	-22.97875
-0.23262	-7.88666	-23.40920	+0.90404	+0.90734	-0.01506	-24.09509
-0.23602	-8.03808	-23.85862	+0.90439	+0.90713	-0.01516	-24.26392
-0.23942	-8.15207	-24.19696	+0.90454	+0.90723	-0.01467	-23.47957
-0.24281	-8.28232	-24.58357	+0.90429	+0.90726	-0.01448	-23.16864
-0.24621	-8.38606	-24.89149	+0.90445	+0.90739	-0.01489	-23.82558
-0.24960	-8.51056	-25.26104	+0.90463	+0.90747	-0.01534	-24.53285
-0.25300	-8.64203	-25.65127	+0.90436	+0.90739	-0.01487	-23.79640
-0.25300	-8.75177	-25.97701	+0.90432	+0.90729	-0.01457	-23.31616
-0.24960	-8.84244	-26.24614	+0.90438	+0.90742	-0.01504	-24.07107
-0.24621	-8.88597	-26.37534	+0.90454	+0.90750	-0.01523	-24.36323
-0.24281	-8.86710	-26.31933	+0.90434	+0.90734	-0.01500	-23.99805
-0.23942	-8.81386	-26.16130	+0.90436	+0.90749	-0.01486	-23.77196
-0.23602	-8.74536	-25.95797	+0.90433	+0.90739	-0.01531	-24.50131
-0.23262	-8.69224	-25.80030	+0.90418	+0.90747	-0.01547	-24.76124
-0.22923	-8.63948	-25.64370	+0.90471	+0.90744	-0.01514	-24.22313
-0.22583	-8.56312	-25.41705	+0.90413	+0.90756	-0.01499	-23.98367
-0.22244	-8.45605	-25.09925	+0.90409	+0.90730	-0.01501	-24.01980
-0.21904	-8.34520	-24.77024	+0.90432	+0.90752	-0.01513	-24.20802
-0.21564	-8.23914	-24.45541	+0.90440	+0.90731	-0.01542	-24.67031
-0.21225	-8.11256	-24.07970	+0.90446	+0.90712	-0.01516	-24.25726
-0.20885	-8.01042	-23.77651	+0.90436	+0.90761	-0.01529	-24.46626
-0.20546	-7.94507	-23.58255	+0.90449	+0.90735	-0.01540	-24.63480
-0.20206	-7.85068	-23.30239	+0.90429	+0.90756	-0.01540	-24.63662
-0.19866	-7.73436	-22.95712	+0.90405	+0.90718	-0.01520	-24.32640
-0.19527	-7.60193	-22.56406	+0.90431	+0.90751	-0.01513	-24.21026
-0.19187	-7.48243	-22.20936	+0.90428	+0.90729	-0.01560	-24.96119
-0.18848	-7.35097	-21.81915	+0.90443	+0.90754	-0.01559	-24.93625
-0.18508	-7.21934	-21.42845	+0.90449	+0.90739	-0.01518	-24.28779
-0.18168	-7.05906	-20.95269	+0.90428	+0.90768	-0.01528	-24.44899
-0.17829	-6.96353	-20.66914	+0.90418	+0.90731	-0.01554	-24.86377
-0.17489	-6.86753	-20.38421	+0.90458	+0.90730	-0.01537	-24.58678
-0.17150	-6.75747	-20.05752	+0.90435	+0.90712	-0.01507	-24.11706
-0.16810	-6.64742	-19.73087	+0.90437	+0.90766	-0.01530	-24.47390
-0.16470	-6.52059	-19.35441	+0.90432	+0.90717	-0.01543	-24.69693
-0.16131	-6.37839	-18.93235	+0.90435	+0.90724	-0.01502	-24.03194
-0.15791	-6.25161	-18.55604	+0.90438	+0.90708	-0.01511	-24.17984
-0.15452	-6.13598	-18.21281	+0.90409	+0.90758	-0.01532	-24.51935
-0.15112	-6.01717	-17.86018	+0.90447	+0.90751	-0.01518	-24.28713
-0.14772	-5.90904	-17.53920	+0.90442	+0.90739	-0.01502	-24.03767
-0.14433	-5.77919	-17.15379	+0.90438	+0.90744	-0.01502	-24.03871
-0.14093	-5.65778	-16.79342	+0.90412	+0.90716	-0.01537	-24.60401
-0.13754	-5.53251	-16.42161	+0.90455	+0.90737	-0.01510	-24.16343
-0.13414	-5.38038	-15.97003	+0.90460	+0.90732	-0.01494	-23.89713
-0.13074	-5.27513	-15.65765	+0.90443	+0.90734	-0.01500	-24.00208
-0.12735	-5.18082	-15.37770	+0.90413	+0.90733	-0.01518	-24.30305
-0.12395	-5.04425	-14.97235	+0.90470	+0.90742	-0.01499	-23.98180
-0.12056	-4.91415	-14.58618	+0.90416	+0.90733	-0.01444	-23.11425
-0.11716	-4.77767	-14.18108	+0.90420	+0.90741	-0.01471	-23.53895
-0.11377	-4.65565	-13.81891	+0.90455	+0.90742	-0.01530	-24.48525
-0.11037	-4.52390	-13.42783	+0.90462	+0.90755	-0.01491	-23.85783
-0.10697	-4.38319	-13.01018	+0.90411	+0.90739	-0.01441	-23.06364
-0.10358	-4.23798	-12.57918	+0.90437	+0.90732	-0.01473	-23.56739
-0.10018	-4.11421	-12.21180	+0.90435	+0.90721	-0.01557	-24.91704
-0.09679	-3.98712	-11.83457	+0.90401	+0.90709	-0.01495	-23.93580
-0.09339	-3.87363	-11.49771	+0.90436	+0.90733	-0.01446	-23.13444
-0.08999	-3.74927	-11.12859	+0.90454	+0.90741	-0.01523	-24.36491
-0.08660	-3.61811	-10.73926	+0.90436	+0.90735	-0.01563	-25.01660
-0.08320	-3.48937	-10.35716	+0.90445	+0.90725	-0.01515	-24.23378
-0.07981	-3.35452	-9.95689	+0.90455	+0.90729	-0.01479	-23.67149
-0.07641	-3.23844	-9.61233	+0.90440	+0.90769	-0.01485	-23.76020
-0.07301	-3.13066	-9.29243	+0.90424	+0.90712	-0.01554	-24.87306
-0.06962	-3.02101	-8.96697	+0.90448	+0.90745	-0.01535	-24.55941
-0.06622	-2.83392	-8.41165	+0.90423	+0.90730	-0.01495	-23.93082
-0.06283	-2.70957	-8.04254	+0.90431	+0.90744	-0.01497	-23.95434
-0.05943	-2.60042	-7.71857	+0.90454	+0.90719	-0.01518	-24.28276
-0.05603	-2.47752	-7.35376	+0.90438	+0.90760	-0.01520	-24.31497
-0.05264	-2.36454	-7.01843	+0.90443	+0.90721	-0.01488	-23.80426
-0.04924	-2.26232	-6.71501	+0.90428	+0.90765	-0.01474	-23.57901
-0.04585	-2.15106	-6.38478	+0.90452	+0.90737	-0.01503	-24.05411
-0.04245	-2.03481	-6.03971	+0.90446	+0.90764	-0.01509	-24.13690
-0.03905	-1.86469	-5.53477	+0.90425	+0.90737	-0.01483	-23.72349
-0.03566	-1.73863	-5.16060	+0.90487	+0.90757	-0.01471	-23.52755
-0.03226	-1.61240	-4.78593	+0.90468	+0.90743	-0.01473	-23.55930
-0.02887	-1.48867	-4.41868	+0.90435	+0.90765	-0.01475	-23.60458
-0.02547	-1.36389	-4.04829	+0.90444	+0.90725	-0.01449	-23.18412
-0.02207	-1.24340	-3.69066	+0.90475	+0.90761	-0.01455	-23.26670
-0.01868	-1.13786	-3.37740	+0.90444	+0.90736	-0.01462	-23.39587
-0.01528	-1.01414	-3.01016	+0.90453	+0.90736	-0.01458	-23.31897
-0.01189	-0.84101	-2.49630	+0.90453	+0.90757	-0.01458	-23.32330
-0.00849	-0.73248	-2.17416	+0.90444	+0.90757	-0.01477	-23.63082
-0.00509	-0.60987	-1.81022	+0.90465	+0.90741	-0.01486	-23.76741
-0.00170	-0.48721	-1.44615	+0.90456	+0.90748	-0.01509	-24.13504
+0.00170	-0.37383	-1.10962	+0.90455	+0.90769	-0.01543	-24.68653
+0.00509	-0.27720	-0.82277	+0.90430	+0.90743	-0.01547	-24.74674
+0.00849	-0.15105	-0.44835	+0.90453	+0.90766	-0.01523	-24.36019
+0.01189	-0.00283	-0.00840	+0.90426	+0.90747	-0.01569	-25.11061
+0.01528	+0.13766	+0.40861	+0.90424	+0.90754	-0.01571	-25.13142
+0.01868	+0.25156	+0.74667	+0.90459	+0.90750	-0.01519	-24.30446
+0.02207	+0.37584	+1.11557	+0.90428	+0.90722	-0.01526	-24.41248
+0.02547	+0.48186	+1.43027	+0.90450	+0.90766	-0.01569	-25.09514
+0.02887	+0.57502	+1.70678	+0.90431	+0.90747	-0.01551	-24.81080
+0.03226	+0.69419	+2.06050	+0.90473	+0.90731	-0.01481	-23.69466
+0.03566	+0.80978	+2.40359	+0.90447	+0.90783	-0.01480	-23.66484
+0.03905	+0.97585	+2.89651	+0.90448	+0.90739	-0.01532	-24.51287
+0.04245	+1.09995	+3.26486	+0.90447	+0.90742	-0.01492	-23.86201
+0.04585	+1.22825	+3.64570	+0.90440	+0.90748	-0.01451	-23.21757
+0.04924	+1.35376	+4.01822	+0.90442	+0.90751	-0.01478	-23.64257
+0.05264	+1.48191	+4.39862	+0.90455	+0.90771	-0.01517	-24.26174
+0.05603	+1.59212	+4.72574	+0.90459	+0.90754	-0.01469	-23.49715
+0.05943	+1.70426	+5.05857	+0.90497	+0.90764	-0.01361	-21.76424
+0.06283	+1.82575	+5.41920	+0.90528	+0.90779	-0.01225	-19.58112
+0.06622	+1.99247	+5.91404	+0.90597	+0.90838	-0.01049	-16.75462
+0.06962	+2.10963	+6.26179	+0.90566	+0.90816	-0.00956	-15.27351
+0.07301	+2.23275	+6.62724	+0.90579	+0.90856	-0.00997	-15.92644
+0.07641	+2.34964	+6.97420	+0.90585	+0.90859	-0.01232	-19.68738
+0.07981	+2.45421	+7.28459	+0.90564	+0.90887	-0.01530	-24.45015
+0.08320	+2.55958	+7.59735	+0.90507	+0.90864	-0.01725	-27.56861
+0.08660	+2.67874	+7.95105	+0.90518	+0.90864	-0.01796	-28.71206
+0.08999	+2.80920	+8.33828	+0.90534	+0.90901	-0.01937	-30.94456
+0.09339	+2.98729	+8.86688	+0.90492	+0.90873	-0.02041	-32.61559
+0.09679	+3.09000	+9.17174	+0.90530	+0.90875	-0.02089	-33.38425
+0.10018	+3.21411	+9.54013	+0.90546	+0.90890	-0.02149	-34.32827
+0.10358	+3.32509	+9.86953	+0.90507	+0.90890	-0.02222	-35.50756
+0.10697	+3.41951	+10.14979	+0.90460	+0.90867	-0.02307	-36.88500
+0.11037	+3.53095	+10.48058	+0.90508	+0.90872	-0.02331	-37.25730
+0.11377	+3.65649	+10.85321	+0.90492	+0.90872	-0.02355	-37.63441
+0.11716	+3.83106	+11.37136	+0.90473	+0.90858	-0.02382	-38.07180
+0.12056	+3.98275	+11.82161	+0.90514	+0.90873	-0.02398	-38.32406
+0.12395	+4.11391	+12.21090	+0.90510	+0.90862	-0.02383	-38.08715
+0.12735	+4.23662	+12.57513	+0.90516	+0.90877	-0.02346	-37.49607
+0.13074	+4.36711	+12.96245	+0.90504	+0.90870	-0.02354	-37.61809
+0.13414	+4.47854	+13.29321	+0.90458	+0.90881	-0.02378	-38.00956
+0.13754	+4.57765	+13.58739	+0.90498	+0.90871	-0.02374	-37.94192
+0.14093	+4.69108	+13.92406	+0.90521	+0.90873	-0.02363	-37.75952
+0.14433	+4.85303	+14.40476	+0.90464	+0.90901	-0.02333	-37.28264
+0.14772	+4.96523	+14.73778	+0.90468	+0.90849	-0.02379	-38.02921
+0.15112	+5.12005	+15.19734	+0.90521	+0.90870	-0.02366	-37.80824
+0.15452	+5.23766	+15.54642	+0.90504	+0.90887	-0.02350	-37.55795
+0.15791	+5.34353	+15.86066	+0.90483	+0.90851	-0.02358	-37.69301
+0.16131	+5.43727	+16.13891	+0.90491	+0.90873	-0.02376	-37.97629
+0.16470	+5.54586	+16.46123	+0.90480	+0.90870	-0.02380	-38.03896
+0.16810	+5.67997	+16.85930	+0.90499	+0.90883	-0.02354	-37.61812
+0.17150	+5.84311	+17.34351	+0.90500	+0.90899	-0.02352	-37.58785
+0.17489	+5.96857	+17.71590	+0.90477	+0.90879	-0.02376	-37.98497
+0.17829	+6.09588	+18.09380	+0.90513	+0.90917	-0.02373	-37.91037
+0.18168	+6.21646	+18.45171	+0.90494	+0.90856	-0.02326	-37.18343
+0.18508	+6.31489	+18.74385	+0.90453	+0.90867	-0.02313	-36.97527
+0.18848	+6.43301	+19.09447	+0.90502	+0.90887	-0.02362	-37.74698
+0.19187	+6.55439	+19.45475	+0.90528	+0.90867	-0.02356	-37.65391
+0.19527	+6.72957	+19.97472	+0.90473	+0.90891	-0.02268	-36.25543
+0.19866	+6.85323	+20.34176	+0.90479	+0.90894	-0.02303	-36.79841
+0.20206	+6.97584	+20.70568	+0.90493	+0.90865	-0.02362	-37.75990
+0.20546	+7.09725	+21.06605	+0.90524	+0.90872	-0.02302	-36.78706
+0.20885	+7.23766	+21.48282	+0.90496	+0.90883	-0.02195	-35.08335
+0.21225	+7.35287	+21.82479	+0.90487	+0.90869	-0.02261	-36.13893
+0.21564	+7.45330	+22.12287	+0.90479	+0.90865	-0.02373	-37.93488
+0.21904	+7.59401	+22.54055	+0.90508	+0.90875	-0.02202	-35.19297
+0.22244	+7.72362	+22.92526	+0.90465	+0.90900	-0.02154	-34.41821
+0.22583	+7.85539	+23.31637	+0.90524	+0.90889	-0.02305	-36.82422
+0.22923	+7.97555	+23.67302	+0.90491	+0.90846	-0.02270	-36.28986
+0.23262	+8.11387	+24.08359	+0.90517	+0.90845	-0.02106	-33.65437
+0.23602	+8.22089	+24.40126	+0.90502	+0.90879	-0.02102	-33.59426
+0.23942	+8.33143	+24.72935	+0.90496	+0.90859	-0.02228	-35.61633
+0.24281	+8.45509	+25.09640	+0.90564	+0.90903	-0.02148	-34.31081
+0.24621	+8.59437	+25.50981	+0.90510	+0.90889	-0.02064	-32.97457
+0.24960	+8.72952	+25.91097	+0.90484	+0.90876	-0.02149	-34.34052
+0.25300	+8.85618	+26.28690	+0.90521	+0.90875	-0.02158	-34.48949
