# Calibration factor: 2898.500 mdeg# # I     	V_Hall  	B       	I1      	I2      	I12     	Kerr# A     	mV      	mT      	V       	V       	V       	mdeg
+4.97600	+183.34076	+544.19205	+1.36742	+1.36972	-0.00714	-7.56282
+4.90921	+183.20317	+543.78364	+1.36746	+1.36944	-0.00743	-7.86989
+4.84242	+183.08141	+543.42223	+1.36708	+1.36922	-0.00726	-7.68303
+4.77562	+182.43230	+541.49554	+1.36737	+1.36937	-0.00577	-6.11466
+4.70883	+181.47832	+538.66395	+1.36729	+1.36898	-0.00520	-5.50240
+4.64204	+180.27742	+535.09942	+1.36780	+1.36940	-0.00332	-3.51273
+4.57525	+178.89380	+530.99257	+1.36798	+1.36918	-0.00249	-2.63772
+4.50846	+177.00173	+525.37654	+1.36789	+1.36941	-0.00254	-2.69337
+4.44166	+175.59457	+521.19979	+1.36820	+1.36925	-0.00198	-2.09672
+4.37487	+174.04157	+516.59020	+1.36766	+1.36927	-0.00193	-2.04171
+4.30808	+172.45349	+511.87645	+1.36773	+1.36923	-0.00152	-1.61595
+4.24129	+170.77495	+506.89421	+1.36796	+1.36929	-0.00168	-1.78615
+4.17450	+168.80583	+501.04947	+1.36812	+1.36946	-0.00083	-0.87576
+4.10770	+166.90343	+495.40276	+1.36749	+1.36927	-0.00060	-0.63337
+4.04091	+164.93074	+489.54743	+1.36805	+1.36931	-0.00104	-1.10341
+3.97412	+162.27791	+481.67329	+1.36786	+1.36914	-0.00051	-0.53767
+3.90733	+160.30581	+475.81972	+1.36779	+1.36923	-0.00008	-0.08253
+3.84054	+158.36686	+470.06451	+1.36802	+1.36952	-0.00046	-0.49045
+3.77374	+156.28722	+463.89172	+1.36799	+1.36953	-0.00087	-0.92679
+3.70695	+154.06188	+457.28649	+1.36771	+1.36933	-0.00076	-0.80875
+3.64016	+151.55971	+449.85953	+1.36785	+1.36941	+0.00032	+0.34065
+3.57337	+149.23507	+442.95955	+1.36786	+1.36966	-0.00038	-0.40354
+3.50658	+146.78449	+435.68572	+1.36799	+1.36958	-0.00129	-1.36933
+3.43979	+144.02314	+427.48949	+1.36763	+1.36925	-0.00158	-1.67625
+3.37299	+140.56060	+417.21197	+1.36806	+1.36961	-0.00215	-2.27833
+3.30620	+137.38695	+407.79195	+1.36780	+1.36935	-0.00443	-4.68658
+3.23941	+135.37664	+401.82495	+1.36744	+1.36958	-0.00576	-6.10566
+3.17262	+133.17182	+395.28058	+1.36773	+1.36962	-0.00586	-6.20954
+3.10583	+130.94685	+388.67645	+1.36766	+1.36991	-0.00605	-6.41043
+3.03903	+128.62934	+381.79762	+1.36758	+1.36966	-0.00706	-7.47286
+2.97224	+126.17061	+374.49960	+1.36714	+1.36959	-0.00806	-8.53423
+2.90545	+123.33242	+366.07529	+1.36736	+1.37000	-0.00885	-9.36531
+2.83866	+120.18983	+356.74746	+1.36782	+1.36974	-0.00947	-10.03079
+2.77187	+117.65610	+349.22683	+1.36687	+1.36971	-0.01104	-11.69529
+2.70507	+115.35787	+342.40524	+1.36729	+1.36992	-0.01173	-12.41945
+2.63828	+113.02548	+335.48224	+1.36739	+1.36981	-0.01187	-12.57146
+2.57149	+110.59857	+328.27868	+1.36719	+1.37012	-0.01277	-13.52027
+2.50470	+108.10141	+320.86661	+1.36721	+1.36971	-0.01365	-14.45196
+2.43791	+105.45694	+313.01729	+1.36697	+1.36979	-0.01417	-15.00439
+2.37111	+102.49771	+304.23369	+1.36714	+1.37005	-0.01525	-16.14921
+2.30432	+99.74232	+296.05514	+1.36683	+1.36994	-0.01559	-16.51589
+2.23753	+96.89292	+287.59758	+1.36695	+1.37001	-0.01677	-17.75840
+2.17074	+94.67478	+281.01367	+1.36699	+1.37029	-0.01718	-18.19007
+2.10395	+92.30237	+273.97190	+1.36704	+1.36977	-0.01754	-18.57201
+2.03715	+89.87969	+266.78090	+1.36659	+1.36995	-0.01823	-19.30898
+1.97036	+87.32967	+259.21193	+1.36681	+1.36997	-0.01842	-19.50659
+1.90357	+84.69434	+251.38974	+1.36678	+1.37042	-0.01949	-20.64066
+1.83678	+81.87577	+243.02365	+1.36690	+1.37011	-0.02000	-21.18170
+1.76999	+79.17164	+234.99727	+1.36623	+1.37003	-0.02025	-21.44747
+1.70319	+75.90663	+225.30607	+1.36657	+1.37001	-0.02162	-22.90314
+1.63640	+73.62083	+218.52135	+1.36618	+1.37015	-0.02216	-23.47183
+1.56961	+71.25168	+211.48923	+1.36648	+1.36997	-0.02249	-23.82713
+1.50282	+68.84369	+204.34185	+1.36640	+1.37019	-0.02242	-23.74459
+1.43603	+66.35639	+196.95905	+1.36659	+1.37008	-0.02278	-24.12352
+1.36923	+63.75333	+189.23263	+1.36631	+1.37022	-0.02441	-25.85773
+1.30244	+60.87589	+180.69181	+1.36629	+1.37003	-0.02438	-25.82900
+1.23565	+58.08193	+172.39878	+1.36648	+1.37044	-0.02499	-26.46823
+1.16886	+55.37928	+164.37679	+1.36613	+1.37035	-0.02602	-27.56227
+1.10207	+52.46016	+155.71226	+1.36627	+1.37035	-0.02719	-28.79831
+1.03528	+50.21689	+149.05377	+1.36653	+1.37040	-0.02737	-28.98464
+0.96848	+47.89091	+142.14981	+1.36654	+1.37034	-0.02700	-28.59513
+0.90169	+45.49498	+135.03819	+1.36589	+1.37027	-0.02821	-29.88628
+0.83490	+43.04613	+127.76952	+1.36612	+1.37020	-0.02860	-30.29361
+0.76811	+40.30201	+119.62442	+1.36614	+1.37082	-0.02863	-30.31820
+0.70132	+37.60421	+111.61682	+1.36614	+1.37073	-0.02910	-30.81608
+0.63452	+34.99067	+103.85930	+1.36565	+1.37037	-0.02963	-31.39018
+0.56773	+32.20105	+95.57915	+1.36642	+1.37048	-0.03081	-32.63114
+0.50094	+29.88939	+88.71769	+1.36568	+1.37044	-0.03088	-32.71309
+0.43415	+27.58778	+81.88605	+1.36573	+1.37008	-0.03081	-32.63774
+0.36736	+25.17404	+74.72160	+1.36619	+1.37071	-0.03113	-32.97272
+0.30056	+22.77086	+67.58846	+1.36628	+1.37059	-0.03074	-32.55936
+0.23377	+20.36319	+60.44203	+1.36589	+1.37083	-0.03109	-32.92407
+0.16698	+17.39076	+51.61924	+1.36589	+1.37048	-0.03153	-33.40173
+0.10019	+14.78209	+43.87620	+1.36581	+1.37076	-0.03155	-33.41805
+0.03340	+12.11462	+35.95861	+1.36623	+1.37026	-0.03136	-33.21788
-0.03340	+9.91724	+29.43635	+1.36590	+1.37073	-0.03125	-33.10324
-0.10019	+7.61389	+22.59954	+1.36619	+1.37068	-0.03140	-33.25740
-0.16698	+5.22612	+15.51218	+1.36578	+1.37066	-0.03152	-33.38947
-0.23377	+2.77624	+8.24043	+1.36583	+1.37030	-0.03126	-33.11238
-0.30056	+0.25704	+0.76294	+1.36599	+1.37047	-0.03161	-33.48702
-0.36736	-2.76734	-8.21402	+1.36621	+1.37061	-0.03118	-33.01825
-0.43415	-5.55293	-16.48222	+1.36532	+1.37028	-0.03157	-33.45238
-0.50094	-8.50080	-25.23208	+1.36581	+1.37046	-0.03186	-33.75123
-0.56773	-10.84578	-32.19244	+1.36626	+1.37022	-0.03135	-33.21077
-0.63452	-13.18680	-39.14106	+1.36558	+1.37050	-0.03134	-33.20421
-0.70132	-15.57384	-46.22627	+1.36609	+1.37044	-0.03087	-32.70151
-0.76811	-17.99192	-53.40361	+1.36606	+1.37070	-0.03100	-32.82792
-0.83490	-20.39908	-60.54854	+1.36616	+1.37056	-0.03107	-32.90906
-0.90169	-23.08056	-68.50773	+1.36575	+1.37039	-0.03062	-32.43281
-0.96848	-25.82307	-76.64804	+1.36610	+1.37032	-0.03062	-32.43359
-1.03528	-28.59970	-84.88963	+1.36582	+1.37037	-0.03097	-32.80996
-1.10207	-31.11729	-92.36234	+1.36598	+1.37047	-0.03095	-32.78900
-1.16886	-33.33138	-98.93421	+1.36595	+1.37054	-0.03113	-32.97282
-1.23565	-35.61546	-105.71382	+1.36591	+1.37056	-0.03106	-32.89597
-1.30244	-38.02117	-112.85444	+1.36585	+1.37026	-0.03151	-33.37553
-1.36923	-40.58950	-120.47776	+1.36575	+1.37066	-0.03112	-32.96839
-1.43603	-43.33879	-128.63820	+1.36615	+1.37067	-0.03121	-33.05393
-1.50282	-46.05821	-136.70999	+1.36595	+1.37073	-0.03219	-34.09112
-1.56961	-49.30309	-146.34143	+1.36590	+1.37097	-0.03172	-33.59443
-1.63640	-51.57661	-153.08969	+1.36594	+1.37055	-0.03195	-33.84155
-1.70319	-53.92410	-160.05752	+1.36616	+1.37065	-0.03235	-34.26259
-1.76999	-56.21452	-166.85593	+1.36597	+1.37097	-0.03311	-35.06447
-1.83678	-58.52038	-173.70018	+1.36603	+1.37091	-0.03267	-34.60423
-1.90357	-60.92568	-180.83959	+1.36563	+1.37041	-0.03326	-35.23797
-1.97036	-63.53516	-188.58508	+1.36574	+1.37092	-0.03428	-36.30684
-2.03715	-66.19149	-196.46957	+1.36638	+1.37098	-0.03451	-36.54376
-2.10395	-69.17058	-205.31212	+1.36545	+1.37041	-0.03485	-36.91891
-2.17074	-71.40854	-211.95482	+1.36562	+1.37096	-0.03559	-37.69804
-2.23753	-73.63942	-218.57653	+1.36587	+1.37085	-0.03681	-38.98416
-2.30432	-75.96069	-225.46651	+1.36584	+1.37116	-0.03700	-39.17868
-2.37111	-78.37359	-232.62848	+1.36585	+1.37131	-0.03738	-39.58230
-2.43791	-80.99651	-240.41383	+1.36527	+1.37102	-0.03925	-41.57118
-2.50470	-83.65734	-248.31173	+1.36536	+1.37116	-0.04076	-43.16866
-2.57149	-86.69031	-257.31418	+1.36543	+1.37093	-0.04204	-44.52939
-2.63828	-89.26970	-264.97032	+1.36507	+1.37112	-0.04331	-45.88022
-2.70507	-91.50231	-271.59717	+1.36501	+1.37166	-0.04531	-47.98727
-2.77187	-93.80078	-278.41948	+1.36531	+1.37138	-0.04746	-50.26397
-2.83866	-96.18434	-285.49437	+1.36481	+1.37170	-0.04991	-52.86168
-2.90545	-98.74040	-293.08124	+1.36478	+1.37216	-0.05301	-56.13416
-2.97224	-101.24930	-300.52817	+1.36515	+1.37213	-0.05627	-59.58132
-3.03903	-104.14081	-309.11074	+1.36414	+1.37221	-0.06113	-64.75039
-3.10583	-106.60426	-316.42276	+1.36456	+1.37280	-0.06520	-69.04227
-3.17262	-109.17852	-324.06369	+1.36361	+1.37261	-0.07068	-74.87248
-3.23941	-111.37289	-330.57702	+1.36381	+1.37309	-0.07457	-78.97272
-3.30620	-113.71278	-337.52229	+1.36375	+1.37321	-0.07863	-83.27461
-3.37299	-116.10866	-344.63374	+1.36301	+1.37383	-0.08388	-88.83892
-3.43979	-118.57407	-351.95157	+1.36319	+1.37385	-0.08900	-94.25273
-3.50658	-121.12061	-359.51020	+1.36284	+1.37415	-0.09463	-100.21136
-3.57337	-124.14120	-368.47590	+1.36262	+1.37457	-0.10092	-106.87127
-3.64016	-126.43594	-375.28717	+1.36225	+1.37486	-0.10649	-112.77392
-3.70695	-128.82911	-382.39057	+1.36212	+1.37464	-0.11172	-118.32279
-3.77374	-131.29389	-389.70653	+1.36169	+1.37555	-0.11621	-123.05583
-3.84054	-133.50328	-396.26443	+1.36194	+1.37548	-0.12039	-127.47921
-3.90733	-135.85496	-403.24468	+1.36127	+1.37602	-0.12451	-131.84323
-3.97412	-138.25331	-410.36347	+1.36158	+1.37622	-0.12834	-135.87024
-4.04091	-140.87855	-418.15573	+1.36097	+1.37614	-0.13234	-140.14569
-4.10770	-143.72708	-426.61073	+1.36130	+1.37660	-0.13609	-144.07075
-4.17450	-145.96842	-433.26347	+1.36101	+1.37677	-0.13939	-147.57125
-4.24129	-148.37814	-440.41599	+1.36094	+1.37700	-0.14212	-150.45629
-4.30808	-150.93809	-448.01444	+1.36077	+1.37693	-0.14506	-153.58719
-4.37487	-153.18446	-454.68212	+1.36074	+1.37756	-0.14717	-155.78428
-4.44166	-155.54076	-461.67609	+1.36119	+1.37734	-0.14952	-158.25160
-4.50846	-157.94200	-468.80344	+1.36040	+1.37733	-0.15162	-160.52149
-4.57525	-160.48891	-476.36317	+1.36047	+1.37733	-0.15320	-162.19037
-4.64204	-163.36646	-484.90433	+1.36048	+1.37744	-0.15521	-164.31489
-4.70883	-165.56537	-491.43113	+1.36029	+1.37738	-0.15651	-165.70284
-4.77562	-167.75096	-497.91841	+1.36042	+1.37755	-0.15730	-166.52050
-4.84242	-170.04959	-504.74118	+1.36072	+1.37749	-0.15785	-167.09544
-4.90921	-172.20043	-511.12533	+1.36055	+1.37798	-0.15846	-167.72038
-4.97600	-174.26641	-517.25755	+1.36040	+1.37770	-0.15938	-168.71732
-4.97600	-176.19340	-522.97726	+1.36021	+1.37758	-0.15955	-168.91586
-4.90921	-177.50835	-526.88027	+1.36054	+1.37758	-0.15942	-168.75583
-4.84242	-177.85628	-527.91300	+1.36015	+1.37785	-0.15950	-168.85359
-4.77562	-177.67812	-527.38420	+1.36056	+1.37764	-0.15944	-168.77703
-4.70883	-177.11362	-525.70863	+1.36055	+1.37759	-0.15935	-168.68670
-4.64204	-176.25730	-523.16691	+1.36073	+1.37811	-0.15883	-168.08898
-4.57525	-175.12182	-519.79659	+1.36071	+1.37803	-0.15959	-168.89541
-4.50846	-173.89521	-516.15577	+1.36049	+1.37757	-0.16004	-169.41380
-4.44166	-172.46497	-511.91051	+1.36053	+1.37803	-0.15986	-169.19730
-4.37487	-171.00100	-507.56516	+1.36076	+1.37780	-0.15970	-169.02648
-4.30808	-169.32378	-502.58684	+1.36034	+1.37810	-0.15971	-169.04414
-4.24129	-167.51672	-497.22314	+1.36075	+1.37774	-0.16024	-169.60169
-4.17450	-165.88025	-492.36577	+1.36066	+1.37793	-0.15993	-169.26834
-4.10770	-164.14814	-487.22450	+1.36040	+1.37810	-0.15955	-168.86875
-4.04091	-162.21242	-481.47890	+1.36063	+1.37763	-0.15993	-169.28617
-3.97412	-160.28790	-475.76654	+1.36020	+1.37802	-0.16019	-169.56807
-3.90733	-158.15747	-469.44301	+1.36052	+1.37788	-0.16044	-169.82056
-3.84054	-156.12795	-463.41899	+1.36050	+1.37794	-0.16046	-169.83630
-3.77374	-153.73402	-456.31331	+1.36016	+1.37794	-0.16088	-170.29889
-3.70695	-151.60719	-450.00045	+1.36060	+1.37766	-0.16099	-170.41139
-3.64016	-149.61364	-444.08322	+1.36023	+1.37801	-0.16008	-169.44854
-3.57337	-147.48552	-437.76653	+1.36029	+1.37767	-0.15990	-169.27308
-3.50658	-145.21343	-431.02251	+1.36043	+1.37788	-0.15958	-168.91000
-3.43979	-142.65222	-423.42032	+1.36075	+1.37785	-0.15918	-168.47902
-3.37299	-140.29494	-416.42345	+1.36048	+1.37827	-0.15857	-167.81640
-3.30620	-137.80684	-409.03825	+1.36051	+1.37753	-0.15844	-167.72041
-3.23941	-135.19681	-401.29117	+1.36085	+1.37795	-0.15919	-168.47744
-3.17262	-132.46546	-393.18398	+1.36073	+1.37796	-0.15991	-169.24108
-3.10583	-130.19447	-386.44321	+1.36018	+1.37780	-0.16032	-169.71459
-3.03903	-127.77086	-379.24945	+1.36030	+1.37825	-0.16061	-169.99302
-2.97224	-125.36048	-372.09498	+1.36009	+1.37802	-0.16208	-171.58199
-2.90545	-122.67432	-364.12192	+1.35995	+1.37821	-0.16307	-172.61970
-2.83866	-120.22897	-356.86362	+1.36041	+1.37794	-0.16381	-173.38896
-2.77187	-117.61205	-349.09609	+1.35984	+1.37800	-0.16512	-174.80494
-2.70507	-114.79807	-340.74364	+1.36064	+1.37807	-0.16617	-175.86593
-2.63828	-112.19177	-333.00762	+1.35962	+1.37822	-0.16714	-176.94526
-2.57149	-109.76842	-325.81462	+1.35976	+1.37815	-0.16785	-177.69117
-2.50470	-107.38143	-318.72957	+1.35998	+1.37811	-0.16865	-178.53522
-2.43791	-104.98473	-311.61568	+1.35974	+1.37837	-0.16978	-179.72512
-2.37111	-102.05408	-302.91692	+1.35952	+1.37820	-0.17053	-180.54018
-2.30432	-99.61148	-295.66680	+1.35961	+1.37816	-0.17153	-181.60358
-2.23753	-97.01399	-287.95692	+1.35983	+1.37850	-0.17260	-182.69452
-2.17074	-93.92134	-278.77732	+1.35974	+1.37851	-0.17359	-183.74915
-2.10395	-91.65324	-272.04514	+1.35924	+1.37837	-0.17413	-184.36590
-2.03715	-89.34694	-265.19960	+1.35969	+1.37833	-0.17445	-184.67421
-1.97036	-86.90966	-257.96526	+1.35946	+1.37872	-0.17505	-185.29854
-1.90357	-84.44478	-250.64900	+1.35937	+1.37833	-0.17553	-185.83501
-1.83678	-81.60096	-242.20796	+1.35932	+1.37846	-0.17561	-185.91733
-1.76999	-79.14430	-234.91612	+1.35949	+1.37850	-0.17619	-186.52403
-1.70319	-76.63530	-227.46890	+1.35903	+1.37866	-0.17674	-187.11655
-1.63640	-73.61038	-218.49033	+1.35922	+1.37830	-0.17707	-187.47904
-1.56961	-71.30386	-211.64412	+1.35917	+1.37860	-0.17732	-187.72606
-1.50282	-69.00819	-204.83010	+1.35952	+1.37855	-0.17748	-187.87795
-1.43603	-66.55690	-197.55419	+1.35882	+1.37832	-0.17857	-189.10124
-1.36923	-64.10425	-190.27422	+1.35932	+1.37830	-0.17902	-189.54174
-1.30244	-61.11226	-181.39341	+1.35905	+1.37840	-0.17934	-189.88612
-1.23565	-58.64771	-174.07813	+1.35892	+1.37875	-0.17992	-190.48526
-1.16886	-56.09653	-166.50572	+1.35926	+1.37836	-0.18043	-191.03121
-1.10207	-53.08193	-157.55779	+1.35874	+1.37876	-0.18132	-191.98565
-1.03528	-50.46255	-149.78295	+1.35932	+1.37873	-0.18176	-192.40670
-0.96848	-48.22194	-143.13238	+1.35856	+1.37837	-0.18217	-192.91967
-0.90169	-45.92282	-136.30810	+1.35907	+1.37862	-0.18282	-193.56064
-0.83490	-43.55904	-129.29195	+1.35897	+1.37902	-0.18368	-194.44414
-0.76811	-40.82648	-121.18117	+1.35911	+1.37883	-0.18404	-194.83265
-0.70132	-38.44415	-114.10993	+1.35848	+1.37848	-0.18502	-195.94208
-0.63452	-35.88272	-106.50709	+1.35874	+1.37880	-0.18558	-196.49637
-0.56773	-33.43366	-99.23780	+1.35870	+1.37874	-0.18634	-197.30460
-0.50094	-30.24721	-89.77976	+1.35869	+1.37884	-0.18640	-197.35791
-0.43415	-27.84075	-82.63690	+1.35901	+1.37864	-0.18715	-198.14506
-0.36736	-25.52456	-75.76200	+1.35887	+1.37899	-0.18797	-199.00498
-0.30056	-23.13605	-68.67241	+1.35889	+1.37911	-0.18783	-198.83685
-0.23377	-20.56538	-61.04215	+1.35856	+1.37881	-0.18804	-199.11332
-0.16698	-17.85599	-53.00015	+1.35843	+1.37862	-0.18832	-199.42847
-0.10019	-15.15754	-44.99062	+1.35860	+1.37874	-0.18897	-200.09744
-0.03340	-12.46958	-37.01219	+1.35865	+1.37892	-0.18883	-199.92628
+0.03340	-9.61383	-28.53578	+1.35874	+1.37899	-0.18870	-199.78403
+0.10019	-7.26303	-21.55812	+1.35864	+1.37910	-0.18938	-200.50077
+0.16698	-4.83923	-14.36381	+1.35863	+1.37907	-0.18961	-200.74653
+0.23377	-2.48413	-7.37340	+1.35833	+1.37890	-0.18976	-200.93926
+0.30056	+0.02021	+0.05998	+1.35871	+1.37886	-0.18984	-201.00412
+0.36736	+2.60831	+7.74198	+1.35860	+1.37911	-0.19002	-201.17675
+0.43415	+5.09265	+15.11600	+1.35874	+1.37924	-0.19024	-201.39215
+0.50094	+7.87370	+23.37071	+1.35841	+1.37892	-0.19049	-201.70537
+0.56773	+10.35838	+30.74575	+1.35858	+1.37877	-0.19025	-201.45496
+0.63452	+12.56755	+37.30299	+1.35829	+1.37891	-0.19075	-201.99025
+0.70132	+14.85930	+44.10536	+1.35907	+1.37908	-0.19075	-201.91857
+0.76811	+17.24199	+51.17768	+1.35873	+1.37935	-0.19070	-201.87728
+0.83490	+19.67251	+58.39195	+1.35869	+1.37870	-0.19060	-201.81845
+0.90169	+22.40669	+66.50752	+1.35829	+1.37938	-0.19070	-201.89953
+0.96848	+25.09006	+74.47232	+1.35896	+1.37891	-0.19049	-201.67227
+1.03528	+27.79768	+82.50907	+1.35847	+1.37923	-0.18990	-201.05764
+1.10207	+30.61223	+90.86323	+1.35869	+1.37897	-0.18912	-200.22968
+1.16886	+32.90263	+97.66160	+1.35886	+1.37895	-0.18932	-200.43063
+1.23565	+35.14887	+104.32886	+1.35872	+1.37930	-0.18873	-199.79147
+1.30244	+37.48284	+111.25656	+1.35863	+1.37859	-0.18797	-199.04229
+1.36923	+39.94940	+118.57780	+1.35874	+1.37897	-0.18711	-198.10166
+1.43603	+42.66735	+126.64522	+1.35851	+1.37879	-0.18704	-198.05106
+1.50282	+45.28198	+134.40598	+1.35872	+1.37901	-0.18665	-197.61293
+1.56961	+47.94139	+142.29963	+1.35872	+1.37861	-0.18563	-196.55788
+1.63640	+50.71007	+150.51763	+1.35875	+1.37897	-0.18473	-195.57993
+1.70319	+53.02511	+157.38914	+1.35917	+1.37860	-0.18419	-195.00319
+1.76999	+55.40725	+164.45979	+1.35836	+1.37856	-0.18390	-194.76159
+1.83678	+57.78321	+171.51212	+1.35926	+1.37862	-0.18324	-193.99110
+1.90357	+60.26315	+178.87307	+1.35927	+1.37878	-0.18250	-193.19103
+1.97036	+62.78460	+186.35724	+1.35931	+1.37854	-0.18193	-192.60618
+2.03715	+65.58063	+194.65642	+1.35884	+1.37849	-0.18145	-192.12753
+2.10395	+68.43487	+203.12837	+1.35945	+1.37843	-0.18040	-190.98276
+2.17074	+71.31841	+211.68731	+1.35874	+1.37818	-0.17961	-190.21710
+2.23753	+73.56866	+218.36649	+1.35939	+1.37846	-0.17847	-188.94083
+2.30432	+75.86391	+225.17927	+1.35912	+1.37843	-0.17786	-188.32027
+2.37111	+78.24377	+232.24317	+1.35939	+1.37811	-0.17648	-186.86219
+2.43791	+80.67226	+239.45141	+1.35894	+1.37812	-0.17513	-185.46366
+2.50470	+83.15275	+246.81400	+1.35964	+1.37791	-0.17371	-183.92126
+2.57149	+85.78606	+254.63020	+1.36001	+1.37824	-0.17203	-182.09339
+2.63828	+88.88460	+263.82727	+1.35981	+1.37759	-0.16913	-179.08040
+2.70507	+91.76411	+272.37423	+1.35997	+1.37776	-0.16601	-175.76231
+2.77187	+93.96964	+278.92068	+1.35972	+1.37799	-0.16326	-172.85261
+2.83866	+96.28615	+285.79654	+1.36017	+1.37689	-0.16081	-170.29931
+2.90545	+98.68554	+292.91843	+1.36005	+1.37724	-0.15774	-167.02921
+2.97224	+101.15693	+300.25401	+1.36074	+1.37688	-0.15424	-163.30798
+3.03903	+103.62950	+307.59307	+1.36061	+1.37689	-0.15044	-159.28597
+3.10583	+106.29096	+315.49284	+1.36058	+1.37620	-0.14557	-154.16912
+3.17262	+109.20118	+324.13094	+1.36189	+1.37632	-0.13921	-147.36151
+3.23941	+111.92444	+332.21411	+1.36145	+1.37577	-0.13268	-140.49774
+3.30620	+114.14761	+338.81292	+1.36163	+1.37551	-0.12712	-134.61797
+3.37299	+116.41469	+345.54208	+1.36224	+1.37516	-0.12223	-129.41993
+3.43979	+118.77965	+352.56177	+1.36225	+1.37531	-0.11675	-123.61817
+3.50658	+121.22511	+359.82037	+1.36227	+1.37447	-0.11120	-117.76777
+3.57337	+123.70589	+367.18381	+1.36265	+1.37423	-0.10529	-111.50383
+3.64016	+126.36990	+375.09114	+1.36320	+1.37386	-0.09934	-105.20245
+3.70695	+129.15251	+383.35049	+1.36327	+1.37391	-0.09253	-97.98053
+3.77374	+131.98286	+391.75152	+1.36377	+1.37325	-0.08568	-90.73038
+3.84054	+137.56383	+408.31696	+1.36468	+1.37252	-0.06918	-73.25640
+3.90733	+139.63444	+414.46295	+1.36417	+1.37241	-0.06595	-69.85656
+3.97412	+141.76226	+420.77873	+1.36486	+1.37199	-0.06291	-66.62573
+4.04091	+144.00377	+427.43200	+1.36462	+1.37222	-0.06007	-63.61535
+4.10770	+146.25690	+434.11973	+1.36518	+1.37182	-0.05688	-60.23558
+4.17450	+148.56601	+440.97362	+1.36461	+1.37174	-0.05384	-57.03181
+4.24129	+151.10879	+448.52111	+1.36527	+1.37125	-0.05115	-54.17825
+4.30808	+153.97799	+457.03747	+1.36506	+1.37132	-0.04725	-50.05309
+4.37487	+156.63217	+464.91560	+1.36540	+1.37061	-0.04303	-45.58993
+4.44166	+158.93078	+471.73834	+1.36598	+1.37124	-0.04015	-42.51505
+4.50846	+161.10863	+478.20263	+1.36592	+1.37123	-0.03797	-40.21063
+4.57525	+163.35292	+484.86415	+1.36591	+1.37072	-0.03571	-37.82299
+4.64204	+165.62676	+491.61334	+1.36587	+1.37093	-0.03240	-34.31807
+4.70883	+167.86320	+498.25156	+1.36660	+1.37072	-0.03079	-32.59959
+4.77562	+170.34393	+505.61484	+1.36639	+1.37059	-0.02975	-31.50794
+4.84242	+172.62961	+512.39922	+1.36627	+1.37042	-0.02807	-29.73164
+4.90921	+175.54317	+521.04725	+1.36689	+1.37041	-0.02696	-28.54915
+4.97600	+177.43161	+526.65250	+1.36607	+1.37056	-0.02616	-27.70814
