# Calibration factor: 2898.500 mdeg# # I     	V_Hall  	B       	I1      	I2      	I12     	Kerr# A     	mV      	mT      	V       	V       	V       	mdeg
+0.16900	+5.62972	+16.71013	+0.82119	+0.82170	+0.01074	+18.94973
+0.15121	+5.80303	+17.22455	+0.82137	+0.82140	+0.01289	+22.75215
+0.13342	+5.76939	+17.12471	+0.82124	+0.82132	+0.01339	+23.62335
+0.11563	+5.51742	+16.37682	+0.82138	+0.82130	+0.01384	+24.42665
+0.09784	+5.10835	+15.16261	+0.82132	+0.82151	+0.01340	+23.64221
+0.08005	+4.58525	+13.60995	+0.82129	+0.82134	+0.01210	+21.34807
+0.06226	+4.14101	+12.29133	+0.82151	+0.82159	+0.01187	+20.93456
+0.04447	+3.65249	+10.84131	+0.82135	+0.82155	+0.01182	+20.86312
+0.02668	+3.16626	+9.39809	+0.82104	+0.82140	+0.01204	+21.24050
+0.00889	+2.63719	+7.82772	+0.82121	+0.82135	+0.01195	+21.08347
-0.00889	+2.01199	+5.97198	+0.82156	+0.82157	+0.01176	+20.73619
-0.02668	+1.45134	+4.30787	+0.82154	+0.82177	+0.01210	+21.33816
-0.04447	+0.81096	+2.40708	+0.82122	+0.82120	+0.01250	+22.06353
-0.06226	+0.11727	+0.34808	+0.82140	+0.82179	+0.01293	+22.80389
-0.08005	-0.39504	-1.17256	+0.82161	+0.82153	+0.01286	+22.68597
-0.09784	-0.93685	-2.78077	+0.82132	+0.82155	+0.01276	+22.50932
-0.11563	-1.53030	-4.54222	+0.82136	+0.82154	+0.01264	+22.30783
-0.13342	-2.22370	-6.60039	+0.82128	+0.82171	+0.01249	+22.03982
-0.15121	-2.85823	-8.48379	+0.82126	+0.82030	+0.01736	+30.64366
-0.16900	-3.46617	-10.28829	+0.81965	+0.82000	+0.02171	+38.37675
-0.16900	-4.02917	-11.95938	+0.81849	+0.81953	+0.01234	+21.83011
-0.15121	-4.38713	-13.02187	+0.81844	+0.81943	+0.00497	+8.79407
-0.13342	-4.49089	-13.32987	+0.81844	+0.81950	+0.00449	+7.93795
-0.11563	-4.37652	-12.99040	+0.81872	+0.81950	+0.00559	+9.88570
-0.09784	-4.09598	-12.15767	+0.81862	+0.81930	+0.00619	+10.96029
-0.08005	-3.67006	-10.89346	+0.81862	+0.81938	+0.00684	+12.11193
-0.06226	-3.22446	-9.57084	+0.81888	+0.81949	+0.00658	+11.64992
-0.04447	-2.71551	-8.06018	+0.81825	+0.81921	+0.00616	+10.91240
-0.02668	-2.14967	-6.38064	+0.81866	+0.81958	+0.00638	+11.28988
-0.00889	-1.58073	-4.69193	+0.81853	+0.81938	+0.00590	+10.43967
+0.00889	-1.09559	-3.25193	+0.81836	+0.81939	+0.00515	+9.11805
+0.02668	-0.55213	-1.63884	+0.81874	+0.81955	+0.00441	+7.79995
+0.04447	+0.01763	+0.05234	+0.81815	+0.81927	+0.00416	+7.37299
+0.06226	+0.66324	+1.96862	+0.81837	+0.81958	+0.00342	+6.04971
+0.08005	+1.22024	+3.62191	+0.81846	+0.81946	+0.00300	+5.30780
+0.09784	+1.83792	+5.45532	+0.81833	+0.81993	+0.00224	+3.96986
+0.11563	+2.54578	+7.55638	+0.81939	+0.82051	-0.00260	-4.59905
+0.13342	+3.11837	+9.25595	+0.82023	+0.82110	+0.00056	+0.98821
+0.15121	+3.66915	+10.89078	+0.82089	+0.82129	+0.00589	+10.39591
+0.16900	+4.27437	+12.68717	+0.82153	+0.82120	+0.01168	+20.61141
