# Calibration factor: 2898.500 mdeg# # I     	V_Hall  	B       	I1      	I2      	I12     	Kerr# A     	mV      	mT      	V       	V       	V       	mdeg
+0.16900	+5.37875	+15.96520	+0.17333	+0.17451	+0.00396	+32.99102
+0.14900	+5.54697	+16.46450	+0.17380	+0.17454	+0.00358	+29.83168
+0.12900	+5.52365	+16.39529	+0.17390	+0.17477	+0.00360	+29.89815
+0.10900	+5.26539	+15.62872	+0.17343	+0.17420	+0.00430	+35.84294
+0.08900	+4.87366	+14.46600	+0.17382	+0.17474	+0.00435	+36.15909
+0.06900	+4.41180	+13.09510	+0.17372	+0.17467	+0.00374	+31.14283
+0.04900	+3.88393	+11.52829	+0.17407	+0.17477	+0.00400	+33.22978
+0.02900	+3.32103	+9.85749	+0.17346	+0.17464	+0.00462	+38.49328
+0.00900	+2.69486	+7.99889	+0.17368	+0.17456	+0.00484	+40.28666
-0.01100	+1.89036	+5.61096	+0.17395	+0.17468	+0.00416	+34.57249
-0.03100	+1.12303	+3.33339	+0.17374	+0.17471	+0.00406	+33.76527
-0.05100	+0.51645	+1.53292	+0.17349	+0.17451	+0.00433	+36.06989
-0.07100	-0.12428	-0.36890	+0.17339	+0.17462	+0.00386	+32.18455
-0.09100	-0.73839	-2.19170	+0.17358	+0.17482	+0.00308	+25.58976
-0.11100	-1.38441	-4.10919	+0.17356	+0.17470	+0.00271	+22.57028
-0.13100	-2.08960	-6.20234	+0.17315	+0.17422	+0.00251	+20.92353
-0.15100	-2.83219	-8.40651	+0.17284	+0.17452	+0.00126	+10.50098
-0.17100	-3.67131	-10.89720	+0.17267	+0.17394	+0.00042	+3.53476
-0.19100	-4.60634	-13.67255	+0.17326	+0.17418	+0.00288	+24.04818
-0.21100	-5.28156	-15.67672	+0.17359	+0.17403	+0.00561	+46.77720
-0.21100	-5.88749	-17.47524	+0.17300	+0.17378	+0.00594	+49.60201
-0.19100	-6.28618	-18.65863	+0.17345	+0.17405	+0.00573	+47.81789
-0.17100	-6.36670	-18.89763	+0.17346	+0.17393	+0.00577	+48.09910
-0.15100	-6.20086	-18.40539	+0.17337	+0.17390	+0.00676	+56.41537
-0.13100	-5.86319	-17.40311	+0.17292	+0.17374	+0.00804	+67.26282
-0.11100	-5.35189	-15.88549	+0.17368	+0.17422	+0.00658	+54.79776
-0.09100	-4.68094	-13.89397	+0.17324	+0.17389	+0.00608	+50.79803
-0.07100	-4.13879	-12.28475	+0.17315	+0.17381	+0.00695	+58.05273
-0.05100	-3.54772	-10.53033	+0.17351	+0.17410	+0.00749	+62.44362
-0.03100	-2.98072	-8.84736	+0.17332	+0.17400	+0.00724	+60.44877
-0.01100	-2.37092	-7.03737	+0.17371	+0.17417	+0.00734	+61.13608
+0.00900	-1.73799	-5.15871	+0.17344	+0.17381	+0.00756	+63.15164
+0.02900	-1.09043	-3.23661	+0.17323	+0.17410	+0.00749	+62.50452
+0.04900	-0.37907	-1.12514	+0.17366	+0.17406	+0.00742	+61.88616
+0.06900	+0.71175	+2.11261	+0.17373	+0.17427	+0.00762	+63.48457
+0.08900	+1.29312	+3.83824	+0.17350	+0.17415	+0.00759	+63.28903
+0.10900	+1.88265	+5.58808	+0.17380	+0.17430	+0.00815	+67.88584
+0.12900	+2.50234	+7.42743	+0.17394	+0.17430	+0.00921	+76.66808
+0.14900	+3.16130	+9.38338	+0.17369	+0.17462	+0.00950	+79.06095
+0.16900	+3.83961	+11.39672	+0.17374	+0.17433	+0.00769	+64.04262
