# Calibration factor: 2898.500 mdeg# # I     	V_Hall  	B       	I1      	I2      	I12     	Kerr# A     	mV      	mT      	V       	V       	V       	mdeg
+0.75900	+27.65679	+82.09089	+0.85945	+0.86093	-0.00012	-0.20257
+0.74367	+27.87423	+82.73630	+0.85978	+0.86112	-0.00100	-1.68816
+0.72833	+27.81412	+82.55787	+0.85938	+0.86136	-0.00125	-2.10014
+0.71300	+27.61246	+81.95931	+0.85965	+0.86087	-0.00135	-2.26982
+0.69767	+27.33728	+81.14251	+0.85953	+0.86103	-0.00126	-2.12159
+0.68233	+27.00304	+80.15043	+0.85950	+0.86124	-0.00146	-2.45155
+0.66700	+26.64801	+79.09662	+0.85978	+0.86133	-0.00153	-2.57279
+0.65167	+26.22184	+77.83168	+0.85924	+0.86114	-0.00153	-2.58457
+0.63633	+25.68839	+76.24829	+0.85965	+0.86116	-0.00165	-2.77952
+0.62100	+25.22017	+74.85852	+0.85940	+0.86117	-0.00181	-3.04216
+0.60567	+24.77478	+73.53649	+0.85928	+0.86082	-0.00183	-3.09147
+0.59033	+24.30008	+72.12750	+0.85949	+0.86124	-0.00176	-2.97279
+0.57500	+23.76132	+70.52836	+0.85948	+0.86120	-0.00180	-3.03255
+0.55967	+23.23841	+68.97624	+0.85935	+0.86122	-0.00181	-3.05026
+0.54433	+22.70722	+67.39956	+0.85939	+0.86100	-0.00173	-2.91670
+0.52900	+22.18240	+65.84181	+0.85945	+0.86095	-0.00179	-3.01253
+0.51367	+21.52037	+63.87676	+0.85962	+0.86110	-0.00162	-2.73150
+0.49833	+20.94042	+62.15534	+0.85934	+0.86109	-0.00180	-3.02496
+0.48300	+20.45609	+60.71777	+0.85945	+0.86117	-0.00183	-3.09093
+0.46767	+19.94392	+59.19754	+0.85956	+0.86108	-0.00176	-2.95666
+0.45233	+19.35056	+57.43634	+0.85943	+0.86095	-0.00172	-2.89363
+0.43700	+18.81239	+55.83895	+0.85943	+0.86108	-0.00178	-3.00175
+0.42167	+18.29133	+54.29233	+0.85922	+0.86132	-0.00199	-3.34894
+0.40633	+17.75119	+52.68907	+0.85949	+0.86089	-0.00214	-3.60268
+0.39100	+17.02291	+50.52741	+0.85933	+0.86100	-0.00237	-3.99574
+0.37567	+16.47755	+48.90867	+0.85939	+0.86109	-0.00273	-4.59873
+0.36033	+15.95766	+47.36554	+0.85944	+0.86108	-0.00279	-4.70026
+0.34500	+15.41955	+45.76831	+0.85942	+0.86129	-0.00293	-4.93083
+0.32967	+14.82576	+44.00582	+0.85919	+0.86074	-0.00287	-4.83530
+0.31433	+14.29857	+42.44102	+0.85901	+0.86092	-0.00313	-5.28036
+0.29900	+13.77088	+40.87474	+0.85922	+0.86096	-0.00347	-5.84170
+0.28367	+13.28347	+39.42801	+0.85942	+0.86104	-0.00349	-5.88809
+0.26833	+12.61639	+37.44797	+0.85926	+0.86076	-0.00358	-6.02754
+0.25300	+12.10679	+35.93536	+0.85906	+0.86116	-0.00377	-6.34828
+0.23767	+11.61768	+34.48360	+0.85940	+0.86115	-0.00408	-6.87063
+0.22233	+11.07667	+32.87776	+0.85886	+0.86089	-0.00405	-6.83165
+0.20700	+10.49247	+31.14374	+0.85918	+0.86086	-0.00418	-7.04257
+0.19167	+9.95352	+29.54403	+0.85912	+0.86125	-0.00465	-7.83701
+0.17633	+9.40600	+27.91890	+0.85922	+0.86072	-0.00478	-8.05983
+0.16100	+8.82083	+26.18197	+0.85885	+0.86082	-0.00488	-8.22091
+0.14567	+8.09262	+24.02052	+0.85914	+0.86109	-0.00502	-8.46570
+0.13033	+7.54298	+22.38907	+0.85876	+0.86073	-0.00563	-9.48923
+0.11500	+7.01844	+20.83213	+0.85896	+0.86073	-0.00568	-9.57253
+0.09967	+6.42864	+19.08149	+0.85908	+0.86099	-0.00586	-9.87424
+0.08433	+5.85722	+17.38541	+0.85875	+0.86103	-0.00624	-10.51771
+0.06900	+5.31027	+15.76193	+0.85885	+0.86077	-0.00673	-11.33700
+0.05367	+4.76393	+14.14031	+0.85873	+0.86090	-0.00704	-11.86321
+0.03833	+4.06399	+12.06273	+0.85892	+0.86103	-0.00752	-12.67115
+0.02300	+3.45714	+10.26149	+0.85846	+0.86065	-0.00838	-14.12294
+0.00767	+2.89133	+8.58204	+0.85853	+0.86073	-0.00874	-14.73944
-0.00767	+2.34144	+6.94986	+0.85855	+0.86074	-0.00892	-15.04230
-0.02300	+1.78230	+5.29023	+0.85836	+0.86105	-0.00927	-15.62605
-0.03833	+1.24830	+3.70519	+0.85847	+0.86087	-0.00959	-16.17461
-0.05367	+0.69705	+2.06897	+0.85816	+0.86086	-0.00999	-16.84812
-0.06900	+0.13053	+0.38743	+0.85844	+0.86080	-0.01022	-17.22344
-0.08433	-0.47216	-1.40146	+0.85857	+0.86104	-0.01076	-18.13887
-0.09967	-1.14734	-3.40553	+0.85831	+0.86097	-0.01147	-19.33656
-0.11500	-1.71403	-5.08758	+0.85802	+0.86066	-0.01178	-19.85906
-0.13033	-2.20714	-6.55122	+0.85756	+0.85993	-0.01148	-19.37614
-0.14567	-2.75672	-8.18249	+0.85685	+0.85892	-0.00854	-14.42777
-0.16100	-3.26285	-9.68478	+0.85682	+0.85905	-0.00703	-11.87702
-0.17633	-3.80103	-11.28223	+0.85691	+0.85901	-0.00647	-10.93241
-0.19167	-4.36839	-12.96625	+0.85719	+0.85917	-0.00573	-9.67865
-0.20700	-5.00172	-14.84609	+0.85689	+0.85877	-0.00544	-9.18889
-0.22233	-5.71262	-16.95620	+0.85705	+0.85904	-0.00497	-8.39359
-0.23767	-6.30459	-18.71328	+0.85684	+0.85863	-0.00447	-7.56028
-0.25300	-6.89776	-20.47394	+0.85733	+0.85881	-0.00359	-6.05891
-0.26833	-7.50650	-22.28078	+0.85739	+0.85898	-0.00265	-4.47176
-0.28367	-8.08412	-23.99528	+0.85741	+0.85890	-0.00199	-3.36255
-0.29900	-8.65846	-25.70005	+0.85801	+0.85879	-0.00022	-0.36774
-0.31433	-9.22521	-27.38226	+0.85844	+0.85864	+0.00535	+9.02339
-0.32967	-9.93136	-29.47826	+0.85955	+0.85915	+0.01398	+23.57060
-0.34500	-10.59320	-31.44272	+0.85875	+0.85849	+0.01729	+29.18489
-0.36033	-11.16633	-33.14390	+0.85907	+0.85868	+0.01751	+29.54789
-0.37567	-11.78038	-34.96653	+0.85919	+0.85897	+0.01754	+29.59191
-0.39100	-12.35367	-36.66817	+0.85910	+0.85901	+0.01739	+29.33720
-0.40633	-12.92541	-38.36520	+0.85886	+0.85862	+0.01714	+28.92655
-0.42167	-13.51854	-40.12573	+0.85906	+0.85856	+0.01700	+28.68091
-0.43700	-14.10372	-41.86265	+0.85937	+0.85885	+0.01682	+28.37382
-0.45233	-14.81417	-43.97143	+0.85911	+0.85884	+0.01665	+28.08646
-0.46767	-15.40772	-45.73318	+0.85894	+0.85875	+0.01635	+27.58691
-0.48300	-15.99220	-47.46806	+0.85909	+0.85886	+0.01633	+27.55123
-0.49833	-16.62432	-49.34431	+0.85862	+0.85860	+0.01603	+27.05188
-0.51367	-17.20005	-51.05320	+0.85870	+0.85865	+0.01573	+26.54223
-0.52900	-17.77047	-52.74631	+0.85905	+0.85860	+0.01566	+26.42740
-0.54433	-18.28959	-54.28716	+0.85907	+0.85881	+0.01596	+26.92266
-0.55967	-18.82858	-55.88700	+0.85891	+0.85857	+0.01590	+26.84052
-0.57500	-19.50894	-57.90644	+0.85857	+0.85873	+0.01543	+26.04292
-0.59033	-20.08439	-59.61449	+0.85896	+0.85863	+0.01528	+25.78301
-0.60567	-20.64445	-61.27686	+0.85878	+0.85858	+0.01557	+26.28164
-0.62100	-21.27081	-63.13602	+0.85918	+0.85855	+0.01537	+25.93278
-0.63633	-21.80365	-64.71759	+0.85862	+0.85904	+0.01532	+25.85483
-0.65167	-22.35536	-66.35519	+0.85864	+0.85883	+0.01548	+26.12626
-0.66700	-22.90307	-67.98089	+0.85868	+0.85857	+0.01550	+26.16343
-0.68233	-23.49205	-69.72911	+0.85881	+0.85878	+0.01544	+26.05335
-0.69767	-24.29062	-72.09941	+0.85864	+0.85866	+0.01538	+25.95846
-0.71300	-24.85768	-73.78256	+0.85861	+0.85850	+0.01557	+26.28818
-0.72833	-25.41002	-75.42202	+0.85884	+0.85850	+0.01536	+25.93075
-0.74367	-25.98267	-77.12177	+0.85872	+0.85885	+0.01558	+26.29761
-0.75900	-26.49836	-78.65243	+0.85901	+0.85861	+0.01617	+27.27910
-0.75900	-26.99373	-80.12278	+0.85886	+0.85866	+0.01656	+27.95325
-0.74367	-27.33473	-81.13496	+0.85891	+0.85888	+0.01609	+27.15161
-0.72833	-27.45802	-81.50091	+0.85887	+0.85872	+0.01546	+26.08539
-0.71300	-27.38400	-81.28118	+0.85879	+0.85849	+0.01541	+26.00993
-0.69767	-27.19204	-80.71140	+0.85865	+0.85902	+0.01557	+26.27714
-0.68233	-26.93112	-79.93694	+0.85881	+0.85855	+0.01540	+25.99200
-0.66700	-26.57270	-78.87307	+0.85873	+0.85866	+0.01528	+25.78936
-0.65167	-26.22770	-77.84906	+0.85899	+0.85852	+0.01557	+26.27351
-0.63633	-25.83001	-76.66863	+0.85862	+0.85876	+0.01573	+26.54028
-0.62100	-25.40265	-75.40014	+0.85877	+0.85871	+0.01544	+26.06368
-0.60567	-24.90234	-73.91512	+0.85842	+0.85884	+0.01541	+26.00603
-0.59033	-24.36647	-72.32456	+0.85878	+0.85870	+0.01556	+26.26406
-0.57500	-23.88689	-70.90107	+0.85845	+0.85856	+0.01558	+26.30242
-0.55967	-23.38562	-69.41320	+0.85892	+0.85876	+0.01530	+25.82368
-0.54433	-22.85510	-67.83851	+0.85893	+0.85885	+0.01502	+25.34113
-0.52900	-22.36175	-66.37413	+0.85913	+0.85871	+0.01533	+25.86400
-0.51367	-21.89007	-64.97411	+0.85840	+0.85862	+0.01515	+25.58092
-0.49833	-21.43160	-63.61327	+0.85897	+0.85866	+0.01499	+25.30345
-0.48300	-20.82800	-61.82167	+0.85846	+0.85885	+0.01484	+25.05081
-0.46767	-20.30045	-60.25580	+0.85884	+0.85856	+0.01530	+25.82119
-0.45233	-19.76547	-58.66786	+0.85889	+0.85865	+0.01532	+25.85606
-0.43700	-19.22046	-57.05016	+0.85866	+0.85879	+0.01493	+25.19573
-0.42167	-18.63831	-55.32222	+0.85860	+0.85855	+0.01486	+25.08042
-0.40633	-18.11065	-53.75602	+0.85902	+0.85848	+0.01533	+25.87300
-0.39100	-17.57494	-52.16594	+0.85900	+0.85872	+0.01526	+25.75229
-0.37567	-17.01164	-50.49395	+0.85890	+0.85889	+0.01508	+25.44567
-0.36033	-16.30798	-48.40533	+0.85896	+0.85860	+0.01494	+25.21763
-0.34500	-15.72735	-46.68191	+0.85902	+0.85880	+0.01523	+25.69593
-0.32967	-15.15962	-44.99679	+0.85917	+0.85894	+0.01536	+25.91818
-0.31433	-14.51993	-43.09807	+0.85893	+0.85867	+0.01516	+25.58583
-0.29900	-13.96351	-41.44648	+0.85910	+0.85873	+0.01528	+25.78707
-0.28367	-13.42313	-39.84253	+0.85909	+0.85908	+0.01551	+26.16042
-0.26833	-12.84601	-38.12953	+0.85919	+0.85892	+0.01570	+26.48519
-0.25300	-12.28034	-36.45050	+0.85895	+0.85895	+0.01575	+26.58224
-0.23767	-11.55393	-34.29437	+0.85939	+0.85917	+0.01601	+26.99522
-0.22233	-10.94287	-32.48063	+0.85886	+0.85866	+0.01644	+27.73938
-0.20700	-10.35083	-30.72333	+0.85889	+0.85891	+0.01666	+28.11241
-0.19167	-9.76296	-28.97843	+0.85922	+0.85906	+0.01648	+27.80182
-0.17633	-9.12718	-27.09131	+0.85918	+0.85888	+0.01667	+28.12424
-0.16100	-8.56610	-25.42591	+0.85868	+0.85859	+0.01691	+28.54044
-0.14567	-7.99684	-23.73622	+0.85931	+0.85872	+0.01694	+28.57661
-0.13033	-7.41447	-22.00764	+0.85938	+0.85908	+0.01678	+28.30564
-0.11500	-6.82032	-20.24408	+0.85940	+0.85898	+0.01697	+28.62980
-0.09967	-6.05244	-17.96487	+0.85930	+0.85920	+0.01715	+28.91861
-0.08433	-5.52346	-16.39474	+0.85934	+0.85932	+0.01718	+28.97664
-0.06900	-5.01710	-14.89176	+0.85932	+0.85910	+0.01724	+29.07744
-0.05367	-4.44424	-13.19140	+0.85925	+0.85908	+0.01754	+29.58977
-0.03833	-3.91354	-11.61618	+0.85957	+0.85921	+0.01743	+29.39463
-0.02300	-3.36948	-10.00130	+0.85954	+0.85932	+0.01746	+29.43871
-0.00767	-2.81388	-8.35215	+0.85955	+0.85892	+0.01780	+30.02972
+0.00767	-2.24056	-6.65043	+0.85912	+0.85911	+0.01795	+30.28109
+0.02300	-1.55331	-4.61054	+0.85994	+0.85911	+0.01781	+30.03076
+0.03833	-0.90370	-2.68235	+0.85946	+0.85928	+0.01781	+30.02691
+0.05367	-0.34969	-1.03794	+0.85988	+0.85910	+0.01805	+30.43773
+0.06900	+0.25449	+0.75537	+0.85965	+0.85930	+0.01818	+30.66063
+0.08433	+0.77252	+2.29298	+0.85983	+0.85949	+0.01823	+30.72891
+0.09967	+1.32451	+3.93141	+0.85960	+0.85952	+0.01810	+30.51938
+0.11500	+1.89174	+5.61507	+0.86077	+0.86046	+0.01724	+29.02664
+0.13033	+2.46687	+7.32215	+0.86118	+0.86123	+0.01593	+26.80442
+0.14567	+3.26591	+9.69388	+0.86119	+0.86133	+0.01509	+25.39069
+0.16100	+3.79331	+11.25929	+0.86119	+0.86113	+0.01462	+24.59706
+0.17633	+4.33958	+12.88073	+0.86114	+0.86126	+0.01466	+24.67621
+0.19167	+4.91934	+14.60157	+0.86125	+0.86084	+0.01467	+24.68746
+0.20700	+5.46225	+16.21304	+0.86060	+0.86111	+0.01423	+23.95968
+0.22233	+6.00333	+17.81908	+0.86101	+0.86109	+0.01386	+23.32452
+0.23767	+6.56893	+19.49789	+0.86098	+0.86127	+0.01374	+23.12874
+0.25300	+7.15366	+21.23349	+0.86105	+0.86097	+0.01377	+23.17774
+0.26833	+7.90081	+23.45117	+0.86041	+0.86124	+0.01208	+20.34331
+0.28367	+8.45243	+25.08852	+0.86005	+0.86113	+0.00819	+13.78635
+0.29900	+9.01005	+26.74364	+0.85901	+0.86105	+0.00151	+2.54160
+0.31433	+9.57355	+28.41621	+0.85891	+0.86103	-0.00440	-7.42317
+0.32967	+10.04072	+29.80287	+0.85906	+0.86132	-0.00575	-9.68571
+0.34500	+10.53731	+31.27684	+0.85938	+0.86114	-0.00554	-9.32476
+0.36033	+11.05522	+32.81412	+0.85884	+0.86097	-0.00527	-8.87468
+0.37567	+11.60003	+34.43121	+0.85923	+0.86093	-0.00488	-8.22323
+0.39100	+12.36062	+36.68881	+0.85904	+0.86100	-0.00469	-7.90847
+0.40633	+12.88222	+38.23702	+0.85907	+0.86110	-0.00394	-6.64393
+0.42167	+13.41885	+39.82983	+0.85929	+0.86100	-0.00403	-6.79137
+0.43700	+14.00910	+41.58181	+0.85964	+0.86121	-0.00375	-6.31686
+0.45233	+14.57586	+43.26406	+0.85878	+0.86074	-0.00321	-5.40887
+0.46767	+15.13462	+44.92259	+0.85943	+0.86101	-0.00298	-5.02290
+0.48300	+15.69082	+46.57348	+0.85927	+0.86122	-0.00305	-5.13669
+0.49833	+16.30394	+48.39337	+0.85937	+0.86110	-0.00284	-4.78460
+0.51367	+17.09728	+50.74814	+0.85946	+0.86108	-0.00225	-3.79436
+0.52900	+17.59114	+52.21403	+0.85937	+0.86118	-0.00173	-2.91995
+0.54433	+18.10259	+53.73212	+0.85932	+0.86099	-0.00187	-3.15587
+0.55967	+18.70276	+55.51353	+0.85929	+0.86106	-0.00178	-3.00088
+0.57500	+19.27343	+57.20740	+0.85991	+0.86109	-0.00141	-2.37934
+0.59033	+19.82436	+58.84266	+0.85957	+0.86128	-0.00151	-2.55011
+0.60567	+20.40372	+60.56232	+0.85946	+0.86090	-0.00185	-3.10796
+0.62100	+21.01069	+62.36393	+0.85934	+0.86086	-0.00172	-2.89769
+0.63633	+21.73419	+64.51142	+0.85971	+0.86090	-0.00122	-2.05895
+0.65167	+22.25514	+66.05770	+0.85938	+0.86100	-0.00098	-1.64566
+0.66700	+22.79439	+67.65831	+0.85964	+0.86081	-0.00122	-2.05032
+0.68233	+23.34604	+69.29573	+0.85962	+0.86116	-0.00140	-2.35213
+0.69767	+23.99102	+71.21015	+0.85966	+0.86103	-0.00100	-1.68012
+0.71300	+24.52643	+72.79934	+0.85942	+0.86075	-0.00088	-1.48222
+0.72833	+25.05472	+74.36743	+0.85964	+0.86112	-0.00089	-1.49983
+0.74367	+25.55942	+75.86546	+0.85979	+0.86100	-0.00099	-1.66347
+0.75900	+26.29806	+78.05789	+0.85944	+0.86094	-0.00071	-1.19496
