# Calibration factor: 2898.500 mdeg# # I     	V_Hall  	B       	I1      	I2      	I12     	Kerr# A     	mV      	mT      	V       	V       	V       	mdeg
+0.16900	+5.65138	+16.77444	+0.90780	+0.90871	+0.00195	+3.11081
+0.15121	+5.76451	+17.11020	+0.90761	+0.90886	+0.00214	+3.41865
+0.13342	+5.71902	+16.97519	+0.90762	+0.90866	+0.00188	+2.99265
+0.11563	+5.47213	+16.24239	+0.90738	+0.90854	+0.00145	+2.30992
+0.09784	+5.09546	+15.12435	+0.90756	+0.90888	+0.00183	+2.91956
+0.08005	+4.58203	+13.60037	+0.90726	+0.90837	+0.00217	+3.46459
+0.06226	+4.14568	+12.30519	+0.90740	+0.90872	+0.00228	+3.64204
+0.04447	+3.61459	+10.72882	+0.90775	+0.90856	+0.00207	+3.30847
+0.02668	+3.14901	+9.34690	+0.90754	+0.90866	+0.00281	+4.48288
+0.00889	+2.65650	+7.88502	+0.90742	+0.90867	+0.00334	+5.32919
-0.00889	+2.10744	+6.25530	+0.90756	+0.90885	+0.00348	+5.55095
-0.02668	+1.55119	+4.60423	+0.90784	+0.90860	+0.00387	+6.17027
-0.04447	+0.85902	+2.54973	+0.90720	+0.90838	+0.00451	+7.19793
-0.06226	+0.25582	+0.75933	+0.90785	+0.90853	+0.00526	+8.39113
-0.08005	-0.32054	-0.95144	+0.90779	+0.90860	+0.00506	+8.06607
-0.09784	-0.90914	-2.69850	+0.90792	+0.90850	+0.00511	+8.15560
-0.11563	-1.54202	-4.57701	+0.90780	+0.90875	+0.00530	+8.45217
-0.13342	-2.16230	-6.41814	+0.90767	+0.90854	+0.00511	+8.16303
-0.15121	-2.77442	-8.23505	+0.90774	+0.90728	+0.00956	+15.27289
-0.16900	-3.37535	-10.01872	+0.90664	+0.90668	+0.01706	+27.27687
-0.16900	-4.00795	-11.89640	+0.90507	+0.90623	+0.00983	+15.73446
-0.15121	-4.40404	-13.07206	+0.90414	+0.90616	+0.00086	+1.37671
-0.13342	-4.50008	-13.35713	+0.90460	+0.90596	-0.00230	-3.68109
-0.11563	-4.38085	-13.00325	+0.90426	+0.90584	-0.00253	-4.05636
-0.09784	-4.11733	-12.22106	+0.90469	+0.90596	-0.00205	-3.27432
-0.08005	-3.74736	-11.12291	+0.90433	+0.90625	-0.00138	-2.20627
-0.06226	-3.30460	-9.80872	+0.90504	+0.90602	-0.00075	-1.19856
-0.04447	-2.82173	-8.37545	+0.90428	+0.90599	-0.00068	-1.08567
-0.02668	-2.15257	-6.38925	+0.90463	+0.90613	+0.00013	+0.20891
-0.00889	-1.66285	-4.93568	+0.90438	+0.90574	+0.00005	+0.07245
+0.00889	-1.14462	-3.39747	+0.90448	+0.90588	-0.00020	-0.31531
+0.02668	-0.60651	-1.80024	+0.90448	+0.90594	-0.00072	-1.14731
+0.04447	-0.01327	-0.03939	+0.90429	+0.90582	-0.00077	-1.23829
+0.06226	+0.54064	+1.60473	+0.90438	+0.90614	-0.00100	-1.60573
+0.08005	+1.07599	+3.19375	+0.90410	+0.90579	-0.00192	-3.08012
+0.09784	+1.70049	+5.04741	+0.90461	+0.90641	-0.00429	-6.85903
+0.11563	+2.42233	+7.18995	+0.90411	+0.90699	-0.01116	-17.85264
+0.13342	+2.97127	+8.81933	+0.90617	+0.90804	-0.01126	-17.98555
+0.15121	+3.53587	+10.49518	+0.90694	+0.90879	-0.00812	-12.96170
+0.16900	+4.21868	+12.52190	+0.90715	+0.90886	-0.00105	-1.68444
