# Calibration factor: 2898.500 mdeg# # I     	V_Hall  	B       	I1      	I2      	I12     	Kerr# A     	mV      	mT      	V       	V       	V       	mdeg
+0.21100	+6.74492	+20.02026	+0.87670	+0.88339	-0.05092	-83.85541
+0.18879	+6.94735	+20.62114	+0.87674	+0.88352	-0.05031	-82.83682
+0.16658	+6.90490	+20.49512	+0.87695	+0.88342	-0.05048	-83.11719
+0.14437	+6.65163	+19.74337	+0.87721	+0.88340	-0.05065	-83.37949
+0.12216	+6.24693	+18.54214	+0.87660	+0.88319	-0.05082	-83.70450
+0.09995	+5.73136	+17.01181	+0.87676	+0.88358	-0.05060	-83.31568
+0.07774	+5.11225	+15.17418	+0.87686	+0.88349	-0.05076	-83.57673
+0.05553	+4.45174	+13.21366	+0.87701	+0.88365	-0.05107	-84.08220
+0.03332	+3.69018	+10.95320	+0.87702	+0.88351	-0.05107	-84.07931
+0.01111	+2.93039	+8.69798	+0.87668	+0.88325	-0.05104	-84.06403
-0.01111	+2.21496	+6.57445	+0.87670	+0.88342	-0.05091	-83.82992
-0.03332	+1.41944	+4.21317	+0.87694	+0.88331	-0.05128	-84.44469
-0.05553	+0.74575	+2.21353	+0.87680	+0.88367	-0.05122	-84.32506
-0.07774	+0.00605	+0.01795	+0.87704	+0.88334	-0.05100	-83.97236
-0.09995	-0.75523	-2.24167	+0.87651	+0.88341	-0.05116	-84.26226
-0.12216	-1.57193	-4.66581	+0.87690	+0.88320	-0.05124	-84.37591
-0.14437	-2.32184	-6.89168	+0.87658	+0.88312	-0.05135	-84.57436
-0.16658	-3.17220	-9.41573	+0.87586	+0.88144	-0.04698	-77.48903
-0.18879	-4.10264	-12.17745	+0.87565	+0.88099	-0.03989	-65.81800
-0.21100	-5.01386	-14.88213	+0.87560	+0.88095	-0.03700	-61.04659
-0.21100	-5.68078	-16.86170	+0.87539	+0.88082	-0.03719	-61.37330
-0.18879	-6.14552	-18.24113	+0.87582	+0.88078	-0.03731	-61.56167
-0.16658	-6.24453	-18.53502	+0.87568	+0.88087	-0.03737	-61.66382
-0.14437	-6.04249	-17.93532	+0.87541	+0.88063	-0.03750	-61.90412
-0.12216	-5.63872	-16.73684	+0.87558	+0.88093	-0.03741	-61.72542
-0.09995	-5.03817	-14.95429	+0.87581	+0.88116	-0.03722	-61.40172
-0.07774	-4.46251	-13.24561	+0.87542	+0.88078	-0.03753	-61.94493
-0.05553	-3.82447	-11.35180	+0.87535	+0.88082	-0.03755	-61.97968
-0.03332	-3.18107	-9.44206	+0.87563	+0.88090	-0.03758	-62.01896
-0.01111	-2.53152	-7.51405	+0.87559	+0.88096	-0.03724	-61.45114
+0.01111	-1.83753	-5.45416	+0.87574	+0.88076	-0.03706	-61.15902
+0.03332	-1.13222	-3.36066	+0.87561	+0.88066	-0.03692	-60.93470
+0.05553	-0.43468	-1.29022	+0.87587	+0.88090	-0.03635	-59.97607
+0.07774	+0.44240	+1.31313	+0.87574	+0.88070	-0.03618	-59.70881
+0.09995	+1.26962	+3.76849	+0.87597	+0.88109	-0.03604	-59.45468
+0.12216	+2.06792	+6.13801	+0.87630	+0.88204	-0.03680	-60.65796
+0.14437	+2.85351	+8.46978	+0.87677	+0.88307	-0.04218	-69.46726
+0.16658	+3.60511	+10.70067	+0.87655	+0.88327	-0.04817	-79.33054
+0.18879	+4.35670	+12.93155	+0.87687	+0.88322	-0.05033	-82.88465
+0.21100	+5.08021	+15.07909	+0.87701	+0.88353	-0.05045	-83.06247
