# Calibration factor: 2898.500 mdeg# # I     	V_Hall  	B       	I1      	I2      	I12     	Kerr# A     	mV      	mT      	V       	V       	V       	mdeg
+0.16900	+5.61821	+16.67597	+0.91122	+0.91411	-0.01800	-28.58235
+0.15121	+5.75299	+17.07604	+0.91102	+0.91386	-0.01879	-29.85381
+0.13342	+5.70774	+16.94172	+0.90992	+0.91385	-0.02115	-33.61981
+0.11563	+5.38082	+15.97134	+0.91047	+0.91399	-0.02293	-36.42767
+0.09784	+4.98265	+14.78951	+0.91058	+0.91397	-0.02223	-35.31523
+0.08005	+4.56880	+13.56110	+0.91082	+0.91405	-0.02143	-34.04642
+0.06226	+4.11223	+12.20594	+0.90998	+0.91383	-0.02120	-33.69130
+0.04447	+3.65760	+10.85650	+0.91047	+0.91367	-0.02144	-34.07143
+0.02668	+3.18123	+9.44251	+0.90987	+0.91376	-0.02110	-33.54471
+0.00889	+2.65969	+7.89450	+0.91068	+0.91374	-0.02105	-33.44657
-0.00889	+2.10128	+6.23701	+0.90999	+0.91388	-0.02206	-35.05540
-0.02668	+1.35814	+4.03122	+0.91045	+0.91372	-0.02248	-35.72340
-0.04447	+0.82151	+2.43840	+0.90966	+0.91358	-0.02388	-37.97249
-0.06226	+0.20373	+0.60470	+0.91019	+0.91396	-0.02434	-38.66871
-0.08005	-0.32783	-0.97307	+0.90969	+0.91346	-0.02516	-39.99562
-0.09784	-0.89532	-2.65748	+0.90995	+0.91384	-0.02580	-41.00168
-0.11563	-1.48801	-4.41670	+0.90984	+0.91372	-0.02627	-41.76083
-0.13342	-2.11980	-6.29198	+0.90975	+0.91351	-0.02672	-42.48657
-0.15121	-2.75783	-8.18579	+0.90964	+0.91171	-0.01994	-31.74719
-0.16900	-3.41200	-10.12750	+0.91002	+0.91147	-0.00908	-14.46998
-0.16900	-4.08148	-12.11464	+0.90793	+0.91082	-0.01170	-18.65379
-0.15121	-4.46738	-13.26008	+0.90669	+0.91036	-0.01715	-27.36649
-0.13342	-4.54652	-13.49499	+0.90835	+0.91054	-0.01710	-27.26580
-0.11563	-4.41738	-13.11167	+0.90789	+0.91073	-0.01489	-23.74313
-0.09784	-4.14964	-12.31695	+0.90835	+0.91072	-0.01308	-20.85926
-0.08005	-3.75927	-11.15826	+0.90755	+0.91051	-0.01228	-19.58282
-0.06226	-3.28934	-9.76343	+0.90840	+0.91065	-0.01063	-16.94340
-0.04447	-2.76099	-8.19518	+0.90845	+0.91085	-0.01004	-15.99461
-0.02668	-2.13199	-6.32819	+0.90803	+0.91073	-0.00948	-15.10521
-0.00889	-1.60028	-4.74996	+0.90859	+0.91068	-0.00875	-13.94256
+0.00889	-1.06917	-3.17350	+0.90903	+0.91080	-0.00773	-12.31614
+0.02668	-0.59430	-1.76401	+0.90810	+0.91082	-0.00733	-11.68031
+0.04447	-0.05448	-0.16170	+0.90877	+0.91081	-0.00725	-11.55033
+0.06226	+0.52624	+1.56197	+0.90843	+0.91059	-0.00695	-11.08012
+0.08005	+1.06835	+3.17107	+0.90911	+0.91094	-0.00709	-11.30161
+0.09784	+1.75305	+5.20339	+0.90768	+0.91139	-0.01036	-16.51556
+0.11563	+2.38498	+7.07911	+0.90894	+0.91241	-0.01862	-29.61790
+0.13342	+2.99582	+8.89218	+0.90980	+0.91376	-0.02426	-38.57131
+0.15121	+3.64929	+10.83181	+0.91108	+0.91409	-0.02080	-33.04909
+0.16900	+4.27332	+12.68406	+0.91053	+0.91398	-0.01704	-27.07359
