# Calibration factor: 2898.500 mdeg# # I     	V_Hall  	B       	I1      	I2      	I12     	Kerr# A     	mV      	mT      	V       	V       	V       	mdeg
+0.16900	+5.64226	+16.74736	+0.82117	+0.82358	-0.01248	-21.98584
+0.15121	+5.84346	+17.34457	+0.82095	+0.82365	-0.01262	-22.23656
+0.13342	+5.77418	+17.13891	+0.82078	+0.82363	-0.01352	-23.82465
+0.11563	+5.48448	+16.27905	+0.82076	+0.82349	-0.01403	-24.73202
+0.09784	+5.11728	+15.18912	+0.82046	+0.82348	-0.01452	-25.60066
+0.08005	+4.63895	+13.76933	+0.82111	+0.82376	-0.01452	-25.58593
+0.06226	+4.09840	+12.16486	+0.82058	+0.82369	-0.01410	-24.85569
+0.04447	+3.59810	+10.67988	+0.82098	+0.82367	-0.01403	-24.72999
+0.02668	+3.05310	+9.06221	+0.82063	+0.82350	-0.01428	-25.17916
+0.00889	+2.54856	+7.56464	+0.82039	+0.82373	-0.01534	-27.05225
-0.00889	+1.97967	+5.87605	+0.82075	+0.82367	-0.01521	-26.82863
-0.02668	+1.38230	+4.10294	+0.82035	+0.82334	-0.01583	-27.93713
-0.04447	+0.84237	+2.50031	+0.81999	+0.82339	-0.01690	-29.82475
-0.06226	+0.16271	+0.48296	+0.82015	+0.82347	-0.01806	-31.86046
-0.08005	-0.45619	-1.35405	+0.81994	+0.82336	-0.02032	-35.85626
-0.09784	-1.05760	-3.13917	+0.81888	+0.82287	-0.02312	-40.83189
-0.11563	-1.73204	-5.14103	+0.81846	+0.82253	-0.02562	-45.26230
-0.13342	-2.33586	-6.93330	+0.81832	+0.82134	-0.02211	-39.10246
-0.15121	-2.98378	-8.85645	+0.81793	+0.82074	-0.01562	-27.65715
-0.16900	-3.56861	-10.59233	+0.81848	+0.82092	-0.01198	-21.19724
-0.16900	-4.15531	-12.33380	+0.81804	+0.82050	-0.00982	-17.38605
-0.15121	-4.50183	-13.36234	+0.81902	+0.82082	-0.00799	-14.12775
-0.13342	-4.56050	-13.53647	+0.81893	+0.82106	-0.00717	-12.67087
-0.11563	-4.43497	-13.16388	+0.81901	+0.82123	-0.00588	-10.40060
-0.09784	-4.14985	-12.31759	+0.81917	+0.82118	-0.00474	-8.37288
-0.08005	-3.72910	-11.06872	+0.81926	+0.82112	-0.00470	-8.30568
-0.06226	-3.25124	-9.65032	+0.81936	+0.82136	-0.00398	-7.03889
-0.04447	-2.71892	-8.07030	+0.82037	+0.82155	-0.00290	-5.12702
-0.02668	-2.11565	-6.27967	+0.82033	+0.82184	-0.00140	-2.48600
-0.00889	-1.62956	-4.83686	+0.81966	+0.82161	-0.00156	-2.76613
+0.00889	-1.08979	-3.23471	+0.82056	+0.82184	-0.00166	-2.93149
+0.02668	-0.55330	-1.64229	+0.82034	+0.82197	-0.00182	-3.21673
+0.04447	+0.01510	+0.04481	+0.82000	+0.82195	-0.00268	-4.74306
+0.06226	+0.64436	+1.91258	+0.81992	+0.82195	-0.00346	-6.11972
+0.08005	+1.25177	+3.71550	+0.82034	+0.82232	-0.00471	-8.31363
+0.09784	+1.87322	+5.56010	+0.82119	+0.82325	-0.00770	-13.56759
+0.11563	+2.42027	+7.18385	+0.82132	+0.82418	-0.01027	-18.09943
+0.13342	+2.99846	+8.90003	+0.82125	+0.82409	-0.01249	-22.01466
+0.15121	+3.63520	+10.79000	+0.82075	+0.82379	-0.01330	-23.43799
+0.16900	+4.27709	+12.69526	+0.82097	+0.82413	-0.01373	-24.19998
