# Calibration factor: 2898.500 mdeg# # I     	V_Hall  	B       	I1      	I2      	I12     	Kerr# A     	mV      	mT      	V       	V       	V       	mdeg
+0.16900	+5.59082	+16.59469	+0.84286	+0.84734	-0.03748	-64.27789
+0.15121	+5.80541	+17.23160	+0.84255	+0.84749	-0.03589	-61.55850
+0.13342	+5.77334	+17.13643	+0.84190	+0.84733	-0.03685	-63.23737
+0.11563	+5.52026	+16.38522	+0.84279	+0.84777	-0.03684	-63.15889
+0.09784	+5.17167	+15.35054	+0.84187	+0.84766	-0.03764	-64.59277
+0.08005	+4.73596	+14.05727	+0.84232	+0.84762	-0.03849	-66.01675
+0.06226	+4.22874	+12.55176	+0.84217	+0.84730	-0.03840	-65.87775
+0.04447	+3.70978	+11.01137	+0.84201	+0.84734	-0.03877	-66.53057
+0.02668	+3.11487	+9.24556	+0.84243	+0.84736	-0.03866	-66.32376
+0.00889	+2.51058	+7.45190	+0.84169	+0.84742	-0.03866	-66.35396
-0.00889	+1.92607	+5.71697	+0.84238	+0.84728	-0.03865	-66.30609
-0.02668	+1.36578	+4.05392	+0.84223	+0.84741	-0.03898	-66.86933
-0.04447	+0.83431	+2.47640	+0.84193	+0.84750	-0.03892	-66.78043
-0.06226	+0.30106	+0.89362	+0.84243	+0.84752	-0.03859	-66.18355
-0.08005	-0.29154	-0.86534	+0.84139	+0.84742	-0.03910	-67.11627
-0.09784	-0.89942	-2.66967	+0.84257	+0.84743	-0.03906	-66.99024
-0.11563	-1.67093	-4.95965	+0.84215	+0.84761	-0.03966	-68.03055
-0.13342	-2.38994	-7.09382	+0.84112	+0.84647	-0.03933	-67.55456
-0.15121	-2.99570	-8.89185	+0.84157	+0.84538	-0.03277	-56.29206
-0.16900	-3.52332	-10.45793	+0.84133	+0.84436	-0.02300	-39.55391
-0.16900	-4.03055	-11.96348	+0.84118	+0.84458	-0.01801	-30.96011
-0.15121	-4.36456	-12.95489	+0.84134	+0.84448	-0.01787	-30.73161
-0.13342	-4.45313	-13.21777	+0.84135	+0.84449	-0.01782	-30.64533
-0.11563	-4.35094	-12.91447	+0.84121	+0.84458	-0.01798	-30.91666
-0.09784	-4.05373	-12.03228	+0.84139	+0.84459	-0.01747	-30.02571
-0.08005	-3.56042	-10.56803	+0.84187	+0.84458	-0.01753	-30.12592
-0.06226	-3.15831	-9.37448	+0.84119	+0.84465	-0.01735	-29.83385
-0.04447	-2.72027	-8.07431	+0.84189	+0.84465	-0.01631	-28.03804
-0.02668	-2.22185	-6.59490	+0.84129	+0.84444	-0.01666	-28.64424
-0.00889	-1.71380	-5.08690	+0.84132	+0.84451	-0.01695	-29.13677
+0.00889	-1.20950	-3.59005	+0.84163	+0.84463	-0.01781	-30.62221
+0.02668	-0.65101	-1.93233	+0.84123	+0.84464	-0.01717	-29.51565
+0.04447	+0.09433	+0.27998	+0.84126	+0.84446	-0.01712	-29.45082
+0.06226	+0.74885	+2.22275	+0.84131	+0.84465	-0.01720	-29.57390
+0.08005	+1.27180	+3.77494	+0.84115	+0.84448	-0.01674	-28.78612
+0.09784	+1.79520	+5.32852	+0.84179	+0.84502	-0.01668	-28.67080
+0.11563	+2.36107	+7.00812	+0.84150	+0.84642	-0.02231	-38.32167
+0.13342	+2.93229	+8.70362	+0.84206	+0.84755	-0.03232	-55.44823
+0.15121	+3.56162	+10.57161	+0.84239	+0.84771	-0.03896	-66.83687
+0.16900	+4.22270	+12.53382	+0.84134	+0.84753	-0.04135	-70.96927
