# Calibration factor: 2898.500 mdeg# # I     	V_Hall  	B       	I1      	I2      	I12     	Kerr# A     	mV      	mT      	V       	V       	V       	mdeg
+0.16900	+5.61125	+16.65532	+0.93376	+0.93528	+0.00189	+2.93490
+0.15121	+5.73028	+17.00863	+0.93417	+0.93502	+0.00068	+1.05727
+0.13342	+5.69553	+16.90548	+0.93386	+0.93534	+0.00076	+1.17535
+0.11563	+5.46565	+16.22315	+0.93376	+0.93532	+0.00049	+0.75726
+0.09784	+5.14007	+15.25675	+0.93371	+0.93495	+0.00041	+0.64015
+0.08005	+4.70404	+13.96252	+0.93390	+0.93529	+0.00064	+0.98627
+0.06226	+4.22609	+12.54389	+0.93386	+0.93511	+0.00045	+0.70486
+0.04447	+3.73133	+11.07533	+0.93382	+0.93522	+0.00060	+0.93283
+0.02668	+3.23896	+9.61388	+0.93388	+0.93528	+0.00067	+1.04361
+0.00889	+2.56869	+7.62439	+0.93370	+0.93559	+0.00092	+1.42033
-0.00889	+1.99622	+5.92518	+0.93420	+0.93502	+0.00090	+1.39183
-0.02668	+1.42310	+4.22403	+0.93362	+0.93537	+0.00046	+0.71599
-0.04447	+0.90945	+2.69943	+0.93403	+0.93502	+0.00033	+0.51471
-0.06226	+0.35383	+1.05023	+0.93349	+0.93537	-0.00020	-0.32101
-0.08005	-0.26930	-0.79935	+0.93400	+0.93524	-0.00100	-1.55543
-0.09784	-0.82909	-2.46089	+0.93341	+0.93517	-0.00149	-2.31499
-0.11563	-1.43814	-4.26869	+0.93393	+0.93518	-0.00133	-2.06376
-0.13342	-2.22603	-6.60731	+0.93315	+0.93460	-0.00085	-1.33114
-0.15121	-2.88360	-8.55909	+0.93334	+0.93340	+0.00464	+7.22105
-0.16900	-3.51108	-10.42158	+0.93295	+0.93256	+0.01331	+20.67003
-0.16900	-4.05249	-12.02861	+0.93315	+0.93235	+0.01959	+30.42824
-0.15121	-4.40167	-13.06504	+0.93267	+0.93197	+0.02016	+31.33139
-0.13342	-4.48641	-13.31656	+0.93287	+0.93242	+0.01984	+30.82717
-0.11563	-4.37562	-12.98772	+0.93290	+0.93239	+0.01987	+30.86782
-0.09784	-4.11716	-12.22056	+0.93305	+0.93260	+0.02076	+32.24676
-0.08005	-3.73299	-11.08025	+0.93279	+0.93244	+0.02100	+32.63532
-0.06226	-3.12619	-9.27915	+0.93315	+0.93252	+0.02114	+32.83834
-0.04447	-2.70709	-8.03519	+0.93334	+0.93226	+0.02162	+33.58191
-0.02668	-2.16946	-6.43938	+0.93272	+0.93219	+0.02228	+34.62418
-0.00889	-1.61947	-4.80692	+0.93293	+0.93228	+0.02244	+34.86998
+0.00889	-1.13413	-3.36634	+0.93296	+0.93246	+0.02226	+34.59257
+0.02668	-0.61903	-1.83741	+0.93341	+0.93231	+0.02282	+35.45928
+0.04447	-0.05902	-0.17519	+0.93255	+0.93185	+0.02297	+35.71701
+0.06226	+0.50499	+1.49890	+0.93356	+0.93238	+0.02322	+36.06305
+0.08005	+1.22738	+3.64311	+0.93295	+0.93231	+0.02333	+36.25095
+0.09784	+1.76410	+5.23621	+0.93349	+0.93292	+0.02327	+36.14114
+0.11563	+2.39881	+7.12014	+0.93397	+0.93413	+0.01825	+28.32432
+0.13342	+3.02300	+8.97287	+0.93381	+0.93522	+0.00815	+12.63755
+0.15121	+3.57324	+10.60608	+0.93427	+0.93512	+0.00396	+6.14507
+0.16900	+4.18827	+12.43161	+0.93383	+0.93494	+0.00344	+5.32816
