# Calibration factor: 2898.500 mdeg# # I     	V_Hall  	B       	I1      	I2      	I12     	Kerr# A     	mV      	mT      	V       	V       	V       	mdeg
+0.08400	+2.55367	+7.57980	+0.74713	+0.74792	+0.00612	+11.87445
+0.07969	+2.61075	+7.74922	+0.74749	+0.74842	+0.00828	+16.04145
+0.07539	+2.63130	+7.81023	+0.74801	+0.74815	+0.00814	+15.75654
+0.07108	+2.64252	+7.84353	+0.74721	+0.74877	+0.00826	+15.99894
+0.06678	+2.63710	+7.82745	+0.74819	+0.74805	+0.00840	+16.26307
+0.06247	+2.60366	+7.72820	+0.74771	+0.74856	+0.00851	+16.48536
+0.05816	+2.55792	+7.59243	+0.74903	+0.74869	+0.00862	+16.67253
+0.05386	+2.50421	+7.43299	+0.74657	+0.74812	+0.00852	+16.52700
+0.04955	+2.45358	+7.28271	+0.74857	+0.74808	+0.00840	+16.27058
+0.04524	+2.39062	+7.09584	+0.74681	+0.74845	+0.00821	+15.90777
+0.04094	+2.30892	+6.85335	+0.74927	+0.74847	+0.00804	+15.54390
+0.03663	+2.20260	+6.53774	+0.74653	+0.74832	+0.00785	+15.20808
+0.03233	+2.10620	+6.25162	+0.74874	+0.74823	+0.00803	+15.55139
+0.02802	+2.00645	+5.95556	+0.74683	+0.74836	+0.00803	+15.56860
+0.02371	+1.85192	+5.49688	+0.74977	+0.74833	+0.00839	+16.21888
+0.01941	+1.75305	+5.20340	+0.74738	+0.74834	+0.00823	+15.94314
+0.01510	+1.65511	+4.91269	+0.74791	+0.74785	+0.00860	+16.63473
+0.01080	+1.42217	+4.22130	+0.74737	+0.74871	+0.00873	+16.92454
+0.00649	+1.30893	+3.88517	+0.74733	+0.74811	+0.00868	+16.81124
+0.00218	+1.16627	+3.46173	+0.74802	+0.74849	+0.00819	+15.83877
-0.00212	+1.06962	+3.17485	+0.74753	+0.74851	+0.00797	+15.43217
-0.00643	+0.98238	+2.91589	+0.74774	+0.74778	+0.00756	+14.65168
-0.01073	+0.85113	+2.52633	+0.74709	+0.74834	+0.00745	+14.42937
-0.01504	+0.72044	+2.13840	+0.74788	+0.74835	+0.00737	+14.25182
-0.01935	+0.60477	+1.79509	+0.74748	+0.74838	+0.00751	+14.55034
-0.02365	+0.48644	+1.44385	+0.74825	+0.74805	+0.00789	+15.26403
-0.02796	+0.36864	+1.09419	+0.74728	+0.74810	+0.00823	+15.95122
-0.03227	+0.23336	+0.69266	+0.74848	+0.74811	+0.00844	+16.31130
-0.03657	+0.11218	+0.33298	+0.74738	+0.74842	+0.00898	+17.40759
-0.04088	-0.00334	-0.00991	+0.74769	+0.74820	+0.00878	+16.99616
-0.04518	-0.13675	-0.40589	+0.74697	+0.74844	+0.00877	+17.00574
-0.04949	-0.29795	-0.88439	+0.74817	+0.74822	+0.00811	+15.68429
-0.05380	-0.43175	-1.28153	+0.74705	+0.74883	+0.00801	+15.52990
-0.05810	-0.58177	-1.72680	+0.74809	+0.74788	+0.00751	+14.52827
-0.06241	-0.72919	-2.16438	+0.74633	+0.74848	+0.00761	+14.74685
-0.06671	-0.88761	-2.63460	+0.74950	+0.74812	+0.00745	+14.40137
-0.07102	-1.01893	-3.02440	+0.74588	+0.74753	+0.00818	+15.85203
-0.07533	-1.20078	-3.56415	+0.74805	+0.74546	+0.01113	+21.58904
-0.07963	-1.35099	-4.01000	+0.74508	+0.74614	+0.01393	+27.06368
-0.08394	-1.48939	-4.42081	+0.74770	+0.74600	+0.01629	+31.58720
-0.08824	-1.64505	-4.88284	+0.74575	+0.74625	+0.01793	+34.81427
-0.09255	-1.79374	-5.32417	+0.74734	+0.74575	+0.01935	+37.56422
-0.09686	-1.94473	-5.77234	+0.74544	+0.74569	+0.01974	+38.37012
-0.10116	-2.23576	-6.63618	+0.74559	+0.74566	+0.02005	+38.96216
-0.10547	-2.44609	-7.26047	+0.74553	+0.74594	+0.01930	+37.50099
-0.10978	-2.60419	-7.72977	+0.74720	+0.74614	+0.01952	+37.85457
-0.11408	-2.71043	-8.04511	+0.74590	+0.74572	+0.01911	+37.13673
-0.11839	-2.82147	-8.37470	+0.74664	+0.74557	+0.01923	+37.32903
-0.12269	-2.94142	-8.73072	+0.74592	+0.74579	+0.01926	+37.41603
-0.12700	-3.09343	-9.18192	+0.74846	+0.74671	+0.01944	+37.64481
-0.12700	-3.22166	-9.56253	+0.74581	+0.74601	+0.01967	+38.21055
-0.12269	-3.32031	-9.85533	+0.74667	+0.74538	+0.02000	+38.83594
-0.11839	-3.41884	-10.14779	+0.74639	+0.74600	+0.02007	+38.98533
-0.11408	-3.49198	-10.36490	+0.74766	+0.74629	+0.02019	+39.14257
-0.10978	-3.52076	-10.45033	+0.74570	+0.74574	+0.01993	+38.72818
-0.10547	-3.52562	-10.46474	+0.74723	+0.74561	+0.01974	+38.32511
-0.10116	-3.51927	-10.44589	+0.74528	+0.74606	+0.01944	+37.77273
-0.09686	-3.51609	-10.43646	+0.74840	+0.74635	+0.01923	+37.26798
-0.09255	-3.47107	-10.30283	+0.74485	+0.74593	+0.01863	+36.22344
-0.08824	-3.39474	-10.07626	+0.74745	+0.74540	+0.01886	+36.61797
-0.08394	-3.34056	-9.91546	+0.74523	+0.74620	+0.01839	+35.74192
-0.07963	-3.28836	-9.76051	+0.74810	+0.74645	+0.01871	+36.28328
-0.07533	-3.19850	-9.49379	+0.74591	+0.74574	+0.01837	+35.68111
-0.07102	-3.10259	-9.20912	+0.74630	+0.74589	+0.01876	+36.43720
-0.06671	-3.00987	-8.93391	+0.74615	+0.74633	+0.01852	+35.96709
-0.06241	-2.91265	-8.64533	+0.74748	+0.74648	+0.01888	+36.62317
-0.05810	-2.77822	-8.24632	+0.74647	+0.74589	+0.01871	+36.32673
-0.05380	-2.66327	-7.90512	+0.74698	+0.74546	+0.01901	+36.90263
-0.04949	-2.56515	-7.61387	+0.74558	+0.74621	+0.01858	+36.10002
-0.04518	-2.35565	-6.99204	+0.74738	+0.74615	+0.01815	+35.21454
-0.04088	-2.24049	-6.65023	+0.74689	+0.74578	+0.01744	+33.84487
-0.03657	-2.13986	-6.35153	+0.74560	+0.74612	+0.01787	+34.72791
-0.03227	-2.03263	-6.03324	+0.74689	+0.74549	+0.01773	+34.43663
-0.02796	-1.91559	-5.68587	+0.74614	+0.74629	+0.01823	+35.41000
-0.02365	-1.79969	-5.34185	+0.74709	+0.74588	+0.01829	+35.49448
-0.01935	-1.67504	-4.97185	+0.74563	+0.74610	+0.01878	+36.48285
-0.01504	-1.56136	-4.63442	+0.74704	+0.74556	+0.01888	+36.64962
-0.01073	-1.44659	-4.29376	+0.74636	+0.74615	+0.01928	+37.43994
-0.00643	-1.32678	-3.93815	+0.74726	+0.74578	+0.01904	+36.94105
-0.00212	-1.18093	-3.50525	+0.74553	+0.74605	+0.01916	+37.22272
+0.00218	-1.05046	-3.11799	+0.74759	+0.74597	+0.01870	+36.30239
+0.00649	-0.89091	-2.64439	+0.74580	+0.74608	+0.01832	+35.58171
+0.01080	-0.71139	-2.11154	+0.74793	+0.74661	+0.01832	+35.52809
+0.01510	-0.56560	-1.67881	+0.74563	+0.74576	+0.01776	+34.51049
+0.01941	-0.43212	-1.28261	+0.74621	+0.74592	+0.01767	+34.32686
+0.02371	-0.30950	-0.91866	+0.74659	+0.74639	+0.01763	+34.22567
+0.02802	-0.17512	-0.51980	+0.74754	+0.74646	+0.01787	+34.65199
+0.03233	-0.04053	-0.12029	+0.74564	+0.74569	+0.01817	+35.31133
+0.03663	+0.09335	+0.27707	+0.74707	+0.74599	+0.01853	+35.96881
+0.04094	+0.22944	+0.68101	+0.74617	+0.74648	+0.01878	+36.48068
+0.04524	+0.35949	+1.06705	+0.74774	+0.74604	+0.01894	+36.74802
+0.04955	+0.52855	+1.56885	+0.74718	+0.74828	+0.01763	+34.16006
+0.05386	+0.68439	+2.03140	+0.74805	+0.74785	+0.01528	+29.60663
+0.05816	+0.95525	+2.83536	+0.74743	+0.74853	+0.01037	+20.08231
+0.06247	+1.13225	+3.36075	+0.74776	+0.74827	+0.00838	+16.22774
+0.06678	+1.23977	+3.67988	+0.74787	+0.74833	+0.00713	+13.81662
+0.07108	+1.36705	+4.05769	+0.74740	+0.74883	+0.00682	+13.21626
+0.07539	+1.49639	+4.44158	+0.74773	+0.74788	+0.00676	+13.10134
+0.07969	+1.62986	+4.83777	+0.74713	+0.74814	+0.00722	+13.99195
+0.08400	+1.74277	+5.17288	+0.74850	+0.74867	+0.00733	+14.17961
