# Calibration factor: 2898.500 mdeg# # I     	V_Hall  	B       	I1      	I2      	I12     	Kerr# A     	mV      	mT      	V       	V       	V       	mdeg
+0.16900	+5.56294	+16.51193	+0.90925	+0.91261	-0.02079	-33.08333
+0.15121	+5.75597	+17.08487	+0.90950	+0.91282	-0.01805	-28.70550
+0.13342	+5.62491	+16.69586	+0.90981	+0.91260	-0.01724	-27.42038
+0.11563	+5.40218	+16.03476	+0.90938	+0.91278	-0.01757	-27.95046
+0.09784	+5.08787	+15.10183	+0.90933	+0.91272	-0.01916	-30.48738
+0.08005	+4.69573	+13.93787	+0.90931	+0.91281	-0.01931	-30.72216
+0.06226	+4.22772	+12.54873	+0.90879	+0.91256	-0.01906	-30.33086
+0.04447	+3.72094	+11.04448	+0.90956	+0.91255	-0.01850	-29.42853
+0.02668	+3.22102	+9.56063	+0.90874	+0.91282	-0.01879	-29.89654
+0.00889	+2.68617	+7.97308	+0.90899	+0.91282	-0.01935	-30.78531
-0.00889	+1.90002	+5.63965	+0.90877	+0.91266	-0.01856	-29.54955
-0.02668	+1.36309	+4.04592	+0.90902	+0.91289	-0.01954	-31.09698
-0.04447	+0.87108	+2.58553	+0.90941	+0.91264	-0.02077	-33.04421
-0.06226	+0.32743	+0.97187	+0.90827	+0.91240	-0.02216	-35.29183
-0.08005	-0.24467	-0.72624	+0.90870	+0.91257	-0.02350	-37.39630
-0.09784	-0.83904	-2.49045	+0.90830	+0.91267	-0.02494	-39.71133
-0.11563	-1.45801	-4.32766	+0.90828	+0.91267	-0.02693	-42.87100
-0.13342	-2.16159	-6.41603	+0.90723	+0.91126	-0.02563	-40.86314
-0.15121	-3.01608	-8.95233	+0.90708	+0.91041	-0.01613	-25.72920
-0.16900	-3.57472	-10.61048	+0.90822	+0.91016	-0.01159	-18.48448
-0.16900	-4.05698	-12.04194	+0.90730	+0.90994	-0.00965	-15.39060
-0.15121	-4.37945	-12.99910	+0.90871	+0.91013	-0.00763	-12.16222
-0.13342	-4.46219	-13.24468	+0.90777	+0.91021	-0.00535	-8.53541
-0.11563	-4.35712	-12.93280	+0.90871	+0.91028	-0.00398	-6.33994
-0.09784	-4.10039	-12.17078	+0.90791	+0.91001	-0.00302	-4.81494
-0.08005	-3.68701	-10.94379	+0.90838	+0.91024	-0.00186	-2.96934
-0.06226	-3.11667	-9.25090	+0.90791	+0.91010	-0.00089	-1.41391
-0.04447	-2.65400	-7.87761	+0.90838	+0.91008	-0.00074	-1.17757
-0.02668	-2.17705	-6.46192	+0.90881	+0.91010	-0.00160	-2.55887
-0.00889	-1.68812	-5.01067	+0.90874	+0.91032	-0.00185	-2.94229
+0.00889	-1.19201	-3.53811	+0.90850	+0.91025	-0.00201	-3.21288
+0.02668	-0.67107	-1.99188	+0.90809	+0.91005	-0.00308	-4.92293
+0.04447	-0.10002	-0.29688	+0.90830	+0.91041	-0.00409	-6.52565
+0.06226	+0.58828	+1.74615	+0.90830	+0.91036	-0.00517	-8.24462
+0.08005	+1.29073	+3.83114	+0.90853	+0.91125	-0.00474	-7.56584
+0.09784	+1.79960	+5.34156	+0.90962	+0.91198	-0.00865	-13.77097
+0.11563	+2.35334	+6.98518	+0.90934	+0.91253	-0.01233	-19.61512
+0.13342	+2.92321	+8.67667	+0.91030	+0.91269	-0.01307	-20.78734
+0.15121	+3.52299	+10.45694	+0.90958	+0.91263	-0.01191	-18.94627
+0.16900	+4.14694	+12.30896	+0.91012	+0.91273	-0.01227	-19.52083
