# Calibration factor: 1709.400 mdeg# # I     	V_Hall  	B       	I1      	I2      	I12     	Kerr# A     	mV      	mT      	V       	V       	V       	mdeg
+0.25300	+9.35138	+27.75676	+0.37821	+0.37757	+0.01933	+43.71354
+0.25046	+9.37152	+27.81655	+0.37804	+0.37774	+0.01810	+40.93705
+0.24791	+9.34496	+27.73772	+0.37822	+0.37798	+0.01810	+40.92169
+0.24537	+9.31095	+27.63677	+0.37815	+0.37782	+0.01810	+40.92317
+0.24283	+9.26219	+27.49203	+0.37788	+0.37778	+0.01811	+40.96494
+0.24029	+9.18503	+27.26301	+0.37778	+0.37749	+0.01812	+41.00173
+0.23774	+9.12536	+27.08588	+0.37808	+0.37764	+0.01818	+41.12273
+0.23520	+9.06185	+26.89738	+0.37794	+0.37781	+0.01814	+41.03361
+0.23266	+8.98483	+26.66877	+0.37793	+0.37760	+0.01822	+41.23369
+0.23012	+8.91687	+26.46704	+0.37816	+0.37772	+0.01829	+41.36198
+0.22757	+8.84709	+26.25992	+0.37786	+0.37754	+0.01835	+41.52798
+0.22503	+8.74909	+25.96904	+0.37796	+0.37789	+0.01838	+41.56303
+0.22249	+8.66111	+25.70791	+0.37826	+0.37775	+0.01842	+41.66226
+0.21994	+8.58918	+25.49440	+0.37823	+0.37770	+0.01850	+41.84090
+0.21740	+8.47732	+25.16239	+0.37821	+0.37791	+0.01852	+41.87486
+0.21486	+8.40960	+24.96138	+0.37768	+0.37746	+0.01850	+41.87926
+0.21232	+8.34376	+24.76595	+0.37809	+0.37763	+0.01854	+41.93659
+0.20977	+8.24888	+24.48431	+0.37793	+0.37775	+0.01853	+41.91510
+0.20723	+8.16958	+24.24893	+0.37829	+0.37793	+0.01853	+41.89771
+0.20469	+8.09635	+24.03159	+0.37789	+0.37757	+0.01852	+41.91319
+0.20215	+7.98914	+23.71337	+0.37819	+0.37773	+0.01846	+41.74739
+0.19960	+7.90451	+23.46216	+0.37818	+0.37767	+0.01841	+41.62902
+0.19706	+7.81725	+23.20316	+0.37797	+0.37750	+0.01839	+41.61759
+0.19452	+7.70857	+22.88058	+0.37816	+0.37738	+0.01847	+41.78225
+0.19197	+7.63340	+22.65747	+0.37799	+0.37774	+0.01846	+41.76471
+0.18943	+7.56104	+22.44268	+0.37784	+0.37759	+0.01845	+41.74427
+0.18689	+7.46852	+22.16807	+0.37808	+0.37765	+0.01847	+41.78092
+0.18435	+7.37490	+21.89017	+0.37834	+0.37779	+0.01852	+41.86885
+0.18180	+7.29865	+21.66386	+0.37830	+0.37787	+0.01849	+41.80399
+0.17926	+7.18655	+21.33112	+0.37793	+0.37779	+0.01840	+41.61550
+0.17672	+7.10414	+21.08652	+0.37827	+0.37766	+0.01846	+41.74489
+0.17418	+7.04282	+20.90451	+0.37788	+0.37749	+0.01853	+41.92840
+0.17163	+6.97723	+20.70980	+0.37833	+0.37769	+0.01855	+41.93520
+0.16909	+6.88425	+20.43383	+0.37795	+0.37764	+0.01846	+41.77314
+0.16655	+6.81045	+20.21477	+0.37817	+0.37769	+0.01850	+41.84947
+0.16401	+6.72516	+19.96162	+0.37801	+0.37782	+0.01857	+41.99851
+0.16146	+6.63114	+19.68254	+0.37795	+0.37761	+0.01853	+41.92344
+0.15892	+6.53673	+19.40232	+0.37810	+0.37767	+0.01846	+41.75510
+0.15638	+6.45112	+19.14820	+0.37815	+0.37760	+0.01847	+41.79032
+0.15383	+6.34860	+18.84390	+0.37803	+0.37754	+0.01847	+41.78973
+0.15129	+6.27889	+18.63699	+0.37825	+0.37771	+0.01847	+41.77206
+0.14875	+6.19892	+18.39965	+0.37795	+0.37751	+0.01848	+41.81984
+0.14621	+6.10055	+18.10765	+0.37806	+0.37792	+0.01855	+41.94184
+0.14366	+6.00307	+17.81832	+0.37813	+0.37789	+0.01852	+41.87538
+0.14112	+5.92016	+17.57223	+0.37795	+0.37786	+0.01851	+41.85443
+0.13858	+5.82189	+17.28053	+0.37828	+0.37779	+0.01853	+41.90297
+0.13604	+5.72692	+16.99864	+0.37812	+0.37779	+0.01857	+41.98978
+0.13349	+5.63767	+16.73374	+0.37810	+0.37782	+0.01849	+41.81940
+0.13095	+5.55140	+16.47767	+0.37824	+0.37766	+0.01854	+41.93801
+0.12841	+5.45967	+16.20540	+0.37780	+0.37755	+0.01866	+42.21829
+0.12586	+5.37454	+15.95272	+0.37768	+0.37785	+0.01864	+42.17496
+0.12332	+5.26741	+15.63474	+0.37810	+0.37768	+0.01862	+42.11282
+0.12078	+5.18589	+15.39275	+0.37823	+0.37790	+0.01857	+41.97397
+0.11824	+5.10237	+15.14487	+0.37816	+0.37772	+0.01855	+41.96389
+0.11569	+4.98319	+14.79111	+0.37809	+0.37759	+0.01857	+42.01603
+0.11315	+4.89460	+14.52815	+0.37801	+0.37776	+0.01864	+42.15474
+0.11061	+4.81763	+14.29969	+0.37801	+0.37755	+0.01865	+42.20118
+0.10807	+4.71915	+14.00737	+0.37810	+0.37765	+0.01863	+42.14058
+0.10552	+4.61312	+13.69267	+0.37810	+0.37757	+0.01862	+42.11907
+0.10298	+4.53283	+13.45434	+0.37812	+0.37806	+0.01869	+42.25652
+0.10044	+4.43331	+13.15894	+0.37785	+0.37759	+0.01870	+42.30497
+0.09789	+4.34959	+12.91045	+0.37808	+0.37751	+0.01860	+42.08320
+0.09535	+4.24406	+12.59720	+0.37829	+0.37789	+0.01855	+41.93126
+0.09281	+4.12807	+12.25294	+0.37808	+0.37746	+0.01859	+42.06133
+0.09027	+4.05228	+12.02798	+0.37808	+0.37763	+0.01861	+42.10761
+0.08772	+3.97374	+11.79486	+0.37809	+0.37781	+0.01856	+41.98533
+0.08518	+3.87099	+11.48988	+0.37813	+0.37792	+0.01844	+41.69279
+0.08264	+3.77277	+11.19833	+0.37794	+0.37740	+0.01832	+41.45832
+0.08010	+3.69717	+10.97393	+0.37810	+0.37744	+0.01854	+41.94144
+0.07755	+3.59336	+10.66582	+0.37826	+0.37755	+0.01859	+42.03564
+0.07501	+3.49295	+10.36777	+0.37809	+0.37779	+0.01860	+42.06748
+0.07247	+3.42805	+10.17514	+0.37778	+0.37749	+0.01859	+42.06650
+0.06992	+3.37026	+10.00361	+0.37800	+0.37771	+0.01854	+41.94945
+0.06738	+3.27729	+9.72764	+0.37815	+0.37793	+0.01854	+41.93063
+0.06484	+3.19216	+9.47497	+0.37801	+0.37769	+0.01863	+42.15337
+0.06230	+3.11086	+9.23365	+0.37821	+0.37760	+0.01866	+42.20801
+0.05975	+3.01483	+8.94862	+0.37780	+0.37747	+0.01863	+42.16393
+0.05721	+2.93535	+8.71271	+0.37813	+0.37758	+0.01871	+42.31755
+0.05467	+2.82065	+8.37226	+0.37799	+0.37754	+0.01866	+42.22115
+0.05213	+2.71477	+8.05797	+0.37772	+0.37748	+0.01868	+42.27218
+0.04958	+2.64041	+7.83726	+0.37811	+0.37779	+0.01864	+42.15488
+0.04704	+2.55949	+7.59708	+0.37807	+0.37762	+0.01862	+42.12191
+0.04450	+2.44404	+7.25439	+0.37819	+0.37797	+0.01867	+42.20890
+0.04195	+2.36656	+7.02443	+0.37809	+0.37782	+0.01863	+42.14398
+0.03941	+2.27365	+6.74864	+0.37805	+0.37761	+0.01856	+41.98632
+0.03687	+2.17282	+6.44935	+0.37814	+0.37760	+0.01863	+42.13680
+0.03433	+2.07198	+6.15004	+0.37792	+0.37755	+0.01858	+42.03749
+0.03178	+1.99662	+5.92638	+0.37794	+0.37752	+0.01858	+42.04508
+0.02924	+1.89325	+5.61954	+0.37819	+0.37779	+0.01851	+41.85064
+0.02670	+1.80315	+5.35211	+0.37814	+0.37753	+0.01849	+41.82735
+0.02416	+1.71967	+5.10432	+0.37775	+0.37772	+0.01850	+41.85775
+0.02161	+1.61137	+4.78286	+0.37799	+0.37765	+0.01846	+41.76165
+0.01907	+1.51509	+4.49709	+0.37800	+0.37758	+0.01849	+41.83136
+0.01653	+1.42218	+4.22131	+0.37818	+0.37772	+0.01850	+41.84847
+0.01398	+1.30912	+3.88573	+0.37790	+0.37766	+0.01853	+41.93270
+0.01144	+1.22275	+3.62935	+0.37805	+0.37781	+0.01844	+41.70372
+0.00890	+1.15137	+3.41749	+0.37793	+0.37761	+0.01850	+41.84895
+0.00636	+1.04213	+3.09326	+0.37792	+0.37767	+0.01846	+41.75568
+0.00381	+0.94448	+2.80339	+0.37788	+0.37751	+0.01841	+41.66512
+0.00127	+0.86688	+2.57308	+0.37796	+0.37749	+0.01843	+41.71418
-0.00127	+0.75145	+2.23044	+0.37805	+0.37754	+0.01842	+41.67480
-0.00381	+0.66179	+1.96431	+0.37798	+0.37773	+0.01846	+41.76188
-0.00636	+0.58126	+1.72531	+0.37807	+0.37768	+0.01843	+41.69662
-0.00890	+0.48067	+1.42673	+0.37798	+0.37753	+0.01854	+41.94390
-0.01144	+0.38235	+1.13491	+0.37825	+0.37781	+0.01848	+41.77521
-0.01398	+0.30032	+0.89140	+0.37799	+0.37771	+0.01848	+41.80311
-0.01653	+0.19040	+0.56515	+0.37782	+0.37765	+0.01844	+41.72851
-0.01907	+0.10362	+0.30755	+0.37832	+0.37778	+0.01851	+41.86164
-0.02161	+0.01315	+0.03904	+0.37817	+0.37773	+0.01842	+41.66464
-0.02416	-0.12368	-0.36710	+0.37814	+0.37780	+0.01840	+41.61420
-0.02670	-0.19772	-0.58688	+0.37805	+0.37755	+0.01836	+41.52762
-0.02924	-0.27956	-0.82980	+0.37803	+0.37748	+0.01832	+41.46078
-0.03178	-0.38195	-1.13370	+0.37804	+0.37775	+0.01811	+40.95754
-0.03433	-0.47070	-1.39712	+0.37767	+0.37751	+0.01794	+40.62009
-0.03687	-0.52824	-1.56792	+0.37812	+0.37747	+0.01797	+40.66347
-0.03941	-0.59311	-1.76047	+0.37823	+0.37780	+0.01787	+40.41602
-0.04195	-0.69988	-2.07738	+0.37779	+0.37766	+0.01774	+40.14993
-0.04450	-0.79461	-2.35857	+0.37813	+0.37774	+0.01774	+40.11364
-0.04704	-0.87227	-2.58907	+0.37823	+0.37767	+0.01784	+40.35470
-0.04958	-0.96597	-2.86718	+0.37825	+0.37788	+0.01792	+40.50736
-0.05213	-1.04859	-3.11242	+0.37801	+0.37783	+0.01793	+40.54779
-0.05467	-1.12974	-3.35329	+0.37796	+0.37753	+0.01797	+40.66202
-0.05721	-1.24327	-3.69026	+0.37828	+0.37770	+0.01810	+40.93400
-0.05975	-1.33072	-3.94985	+0.37834	+0.37766	+0.01816	+41.06171
-0.06230	-1.42476	-4.22897	+0.37838	+0.37781	+0.01819	+41.12669
-0.06484	-1.53299	-4.55023	+0.37799	+0.37755	+0.01828	+41.35841
-0.06738	-1.63877	-4.86419	+0.37821	+0.37775	+0.01842	+41.66224
-0.06992	-1.71862	-5.10120	+0.37801	+0.37772	+0.01839	+41.60977
-0.07247	-1.81512	-5.38765	+0.37815	+0.37782	+0.01840	+41.61856
-0.07501	-1.90517	-5.65493	+0.37784	+0.37776	+0.01848	+41.80732
-0.07755	-1.99251	-5.91418	+0.37796	+0.37789	+0.01859	+42.03970
-0.08010	-2.09878	-6.22959	+0.37807	+0.37775	+0.01856	+41.98506
-0.08264	-2.20505	-6.54503	+0.37820	+0.37801	+0.01840	+41.58595
-0.08518	-2.30558	-6.84342	+0.37811	+0.37774	+0.01838	+41.57814
-0.08772	-2.44179	-7.24771	+0.37814	+0.37772	+0.01825	+41.26931
-0.09027	-2.52809	-7.50389	+0.37809	+0.37802	+0.01800	+40.70473
-0.09281	-2.60949	-7.74548	+0.37794	+0.37763	+0.01791	+40.51451
-0.09535	-2.72175	-8.07869	+0.37795	+0.37770	+0.01771	+40.06453
-0.09789	-2.82056	-8.37198	+0.37789	+0.37770	+0.01710	+38.69757
-0.10044	-2.90762	-8.63040	+0.37795	+0.37780	+0.01643	+37.17045
-0.10298	-3.01631	-8.95301	+0.37770	+0.37774	+0.01544	+34.92863
-0.10552	-3.11785	-9.25440	+0.37738	+0.37795	+0.01296	+29.33699
-0.10807	-3.22955	-9.58594	+0.37729	+0.37832	+0.00796	+18.00093
-0.11061	-3.32595	-9.87208	+0.37663	+0.37875	+0.00248	+5.62070
-0.11315	-3.41339	-10.13163	+0.37610	+0.37895	-0.00491	-11.11752
-0.11569	-3.51042	-10.41964	+0.37596	+0.37988	-0.01573	-35.56393
-0.11824	-3.62744	-10.76698	+0.37590	+0.38051	-0.02584	-58.38559
-0.12078	-3.71749	-11.03427	+0.37518	+0.38070	-0.03330	-75.29244
-0.12332	-3.81254	-11.31638	+0.37496	+0.38064	-0.03804	-86.04787
-0.12586	-3.95821	-11.74874	+0.37526	+0.38092	-0.04124	-93.23022
-0.12841	-4.05749	-12.04345	+0.37500	+0.38099	-0.04289	-96.98488
-0.13095	-4.13940	-12.28658	+0.37513	+0.38106	-0.04389	-99.20990
-0.13349	-4.24425	-12.59778	+0.37474	+0.38100	-0.04488	-101.51171
-0.13604	-4.33992	-12.88175	+0.37490	+0.38095	-0.04577	-103.51040
-0.13858	-4.42840	-13.14437	+0.37489	+0.38135	-0.04670	-105.56712
-0.14112	-4.53932	-13.47360	+0.37476	+0.38121	-0.04758	-107.57747
-0.14366	-4.62404	-13.72508	+0.37489	+0.38116	-0.04837	-109.36926
-0.14621	-4.71027	-13.98103	+0.37471	+0.38123	-0.04947	-111.86833
-0.14875	-4.78715	-14.20922	+0.37456	+0.38130	-0.05044	-114.06302
-0.15129	-4.87441	-14.46822	+0.37451	+0.38107	-0.05105	-115.48916
-0.15383	-4.95531	-14.70834	+0.37474	+0.38139	-0.05162	-116.69544
-0.15638	-5.04492	-14.97433	+0.37417	+0.38138	-0.05230	-118.32416
-0.15892	-5.15650	-15.30552	+0.37471	+0.38162	-0.05299	-119.75243
-0.16146	-5.24462	-15.56708	+0.37457	+0.38141	-0.05360	-121.19060
-0.16401	-5.33106	-15.82364	+0.37450	+0.38155	-0.05404	-122.18915
-0.16655	-5.46945	-16.23441	+0.37413	+0.38140	-0.05465	-123.64634
-0.16909	-5.57104	-16.53596	+0.37459	+0.38160	-0.05509	-124.52518
-0.17163	-5.65309	-16.77950	+0.37431	+0.38143	-0.05541	-125.32360
-0.17418	-5.76321	-17.10635	+0.37473	+0.38170	-0.05564	-125.73860
-0.17672	-5.86959	-17.42210	+0.37428	+0.38166	-0.05574	-126.04867
-0.17926	-5.95011	-17.66112	+0.37412	+0.38152	-0.05584	-126.31011
-0.18180	-6.05825	-17.98209	+0.37444	+0.38137	-0.05596	-126.57200
-0.18435	-6.15957	-18.28284	+0.37456	+0.38172	-0.05606	-126.70308
-0.18689	-6.24594	-18.53919	+0.37452	+0.38157	-0.05607	-126.77080
-0.18943	-6.40435	-19.00938	+0.37435	+0.38157	-0.05613	-126.91895
-0.19197	-6.48953	-19.26223	+0.37448	+0.38161	-0.05620	-127.05123
-0.19452	-6.57533	-19.51688	+0.37457	+0.38178	-0.05619	-126.98726
-0.19706	-6.68843	-19.85260	+0.37407	+0.38138	-0.05610	-126.93640
-0.19960	-6.78007	-20.12461	+0.37464	+0.38151	-0.05620	-127.05878
-0.20215	-6.87382	-20.40287	+0.37453	+0.38154	-0.05626	-127.20422
-0.20469	-6.98170	-20.72309	+0.37431	+0.38167	-0.05620	-127.08209
-0.20723	-7.07768	-21.00796	+0.37428	+0.38133	-0.05627	-127.30361
-0.20977	-7.20203	-21.37707	+0.37454	+0.38171	-0.05622	-127.07426
-0.21232	-7.30960	-21.69635	+0.37460	+0.38154	-0.05624	-127.13660
-0.21486	-7.39948	-21.96312	+0.37408	+0.38143	-0.05625	-127.26833
-0.21740	-7.48777	-22.22519	+0.37467	+0.38155	-0.05620	-127.03891
-0.21994	-7.59960	-22.55713	+0.37473	+0.38173	-0.05626	-127.13397
-0.22249	-7.69474	-22.83954	+0.37469	+0.38154	-0.05626	-127.17380
-0.22503	-7.78433	-23.10545	+0.37425	+0.38131	-0.05626	-127.27716
-0.22757	-7.89820	-23.44345	+0.37463	+0.38158	-0.05626	-127.17567
-0.23012	-8.00277	-23.75382	+0.37458	+0.38166	-0.05630	-127.25429
-0.23266	-8.10617	-24.06075	+0.37454	+0.38147	-0.05620	-127.07963
-0.23520	-8.21908	-24.39586	+0.37447	+0.38165	-0.05622	-127.10173
-0.23774	-8.32006	-24.69559	+0.37470	+0.38154	-0.05623	-127.09039
-0.24029	-8.40755	-24.95529	+0.37454	+0.38178	-0.05633	-127.30592
-0.24283	-8.50775	-25.25271	+0.37437	+0.38156	-0.05627	-127.23477
-0.24537	-8.60727	-25.54811	+0.37453	+0.38147	-0.05620	-127.06207
-0.24791	-8.69494	-25.80831	+0.37462	+0.38164	-0.05618	-126.98853
-0.25046	-8.80815	-26.14435	+0.37421	+0.38151	-0.05622	-127.16431
-0.25300	-8.93414	-26.51830	+0.37446	+0.38165	-0.05634	-127.37301
-0.25300	-8.99834	-26.70889	+0.37464	+0.38195	-0.05632	-127.25414
-0.25046	-9.04543	-26.84863	+0.37431	+0.38137	-0.05634	-127.43394
-0.24791	-9.08186	-26.95677	+0.37444	+0.38156	-0.05627	-127.23592
-0.24537	-9.08117	-26.95473	+0.37452	+0.38171	-0.05634	-127.34564
-0.24283	-9.03988	-26.83218	+0.37458	+0.38148	-0.05636	-127.41287
-0.24029	-9.00183	-26.71924	+0.37411	+0.38141	-0.05626	-127.29815
-0.23774	-8.95391	-26.57699	+0.37449	+0.38161	-0.05628	-127.22943
-0.23520	-8.87885	-26.35421	+0.37437	+0.38164	-0.05635	-127.41229
-0.23266	-8.80547	-26.13641	+0.37444	+0.38179	-0.05626	-127.16325
-0.23012	-8.74500	-25.95692	+0.37453	+0.38154	-0.05630	-127.29019
-0.22757	-8.67208	-25.74047	+0.37468	+0.38170	-0.05636	-127.36272
-0.22503	-8.59825	-25.52133	+0.37453	+0.38138	-0.05631	-127.32931
-0.22249	-8.52781	-25.31224	+0.37435	+0.38150	-0.05623	-127.16613
-0.21994	-8.44492	-25.06620	+0.37432	+0.38140	-0.05621	-127.15211
-0.21740	-8.36315	-24.82350	+0.37490	+0.38181	-0.05623	-127.02935
-0.21486	-8.25569	-24.50455	+0.37425	+0.38139	-0.05625	-127.25323
-0.21232	-8.16096	-24.22335	+0.37442	+0.38175	-0.05620	-127.04804
-0.20977	-8.08445	-23.99627	+0.37457	+0.38164	-0.05622	-127.07437
-0.20723	-8.01416	-23.78764	+0.37462	+0.38130	-0.05626	-127.21270
-0.20469	-7.91818	-23.50274	+0.37436	+0.38149	-0.05624	-127.17972
-0.20215	-7.84054	-23.27230	+0.37435	+0.38151	-0.05619	-127.06292
-0.19960	-7.75870	-23.02938	+0.37475	+0.38186	-0.05614	-126.83490
-0.19706	-7.65177	-22.71198	+0.37422	+0.38137	-0.05613	-126.98148
-0.19452	-7.55851	-22.43518	+0.37451	+0.38151	-0.05612	-126.89504
-0.19197	-7.45270	-22.12112	+0.37447	+0.38142	-0.05621	-127.12596
-0.18943	-7.34688	-21.80701	+0.37453	+0.38144	-0.05615	-126.97202
-0.18689	-7.27247	-21.58615	+0.37470	+0.38143	-0.05619	-127.02615
-0.18435	-7.19771	-21.36425	+0.37440	+0.38178	-0.05622	-127.09312
-0.18180	-7.09217	-21.05097	+0.37438	+0.38148	-0.05624	-127.18574
-0.17926	-7.00662	-20.79706	+0.37474	+0.38160	-0.05628	-127.18629
-0.17672	-6.92241	-20.54710	+0.37432	+0.38147	-0.05622	-127.15469
-0.17418	-6.81617	-20.23177	+0.37451	+0.38173	-0.05617	-126.97128
-0.17163	-6.70475	-19.90104	+0.37445	+0.38126	-0.05615	-127.00187
-0.16909	-6.62130	-19.65333	+0.37459	+0.38142	-0.05616	-126.97352
-0.16655	-6.52419	-19.36509	+0.37454	+0.38163	-0.05611	-126.83620
-0.16401	-6.43873	-19.11145	+0.37429	+0.38152	-0.05610	-126.88820
-0.16146	-6.34652	-18.83774	+0.37460	+0.38154	-0.05603	-126.66160
-0.15892	-6.24768	-18.54435	+0.37436	+0.38146	-0.05604	-126.73761
-0.15638	-6.14753	-18.24711	+0.37464	+0.38163	-0.05610	-126.79813
-0.15383	-6.06709	-18.00834	+0.37451	+0.38149	-0.05608	-126.79888
-0.15129	-5.92050	-17.57321	+0.37454	+0.38159	-0.05602	-126.64308
-0.14875	-5.83373	-17.31567	+0.37430	+0.38141	-0.05603	-126.73031
-0.14621	-5.75766	-17.08989	+0.37467	+0.38150	-0.05597	-126.52702
-0.14366	-5.66754	-16.82240	+0.37456	+0.38157	-0.05598	-126.55268
-0.14112	-5.57624	-16.55139	+0.37445	+0.38162	-0.05599	-126.58017
-0.13858	-5.50922	-16.35248	+0.37429	+0.38141	-0.05594	-126.54294
-0.13604	-5.43736	-16.13917	+0.37461	+0.38145	-0.05584	-126.25054
-0.13349	-5.35323	-15.88944	+0.37429	+0.38148	-0.05583	-126.27736
-0.13095	-5.25701	-15.60386	+0.37445	+0.38147	-0.05587	-126.34950
-0.12841	-5.16525	-15.33149	+0.37475	+0.38143	-0.05592	-126.41202
-0.12586	-5.06718	-15.04040	+0.37460	+0.38158	-0.05596	-126.50656
-0.12332	-4.98121	-14.78523	+0.37431	+0.38168	-0.05589	-126.36920
-0.12078	-4.89745	-14.53662	+0.37441	+0.38138	-0.05582	-126.24793
-0.11824	-4.78733	-14.20974	+0.37436	+0.38148	-0.05574	-126.06783
-0.11569	-4.69438	-13.93386	+0.37460	+0.38181	-0.05571	-125.89108
-0.11315	-4.60691	-13.67424	+0.37463	+0.38184	-0.05568	-125.81385
-0.11061	-4.48072	-13.29968	+0.37420	+0.38117	-0.05569	-126.03693
-0.10807	-4.36951	-12.96958	+0.37444	+0.38155	-0.05558	-125.67546
-0.10552	-4.29520	-12.74900	+0.37445	+0.38177	-0.05559	-125.65890
-0.10298	-4.19162	-12.44155	+0.37413	+0.38134	-0.05566	-125.94675
-0.10044	-4.10007	-12.16983	+0.37454	+0.38148	-0.05561	-125.73488
-0.09789	-4.00996	-11.90237	+0.37448	+0.38165	-0.05557	-125.61712
-0.09535	-3.91224	-11.61232	+0.37466	+0.38165	-0.05557	-125.60519
-0.09281	-3.81482	-11.32316	+0.37451	+0.38155	-0.05549	-125.45865
-0.09027	-3.72167	-11.04666	+0.37403	+0.38129	-0.05544	-125.46289
-0.08772	-3.58516	-10.64147	+0.37453	+0.38168	-0.05542	-125.27333
-0.08518	-3.50536	-10.40462	+0.37420	+0.38146	-0.05545	-125.42963
-0.08264	-3.41839	-10.14648	+0.37444	+0.38146	-0.05541	-125.31206
-0.08010	-3.31540	-9.84077	+0.37425	+0.38138	-0.05544	-125.41444
-0.07755	-3.21398	-9.53973	+0.37471	+0.38148	-0.05540	-125.22161
-0.07501	-3.12127	-9.26456	+0.37471	+0.38159	-0.05532	-125.04149
-0.07247	-2.98572	-8.86223	+0.37448	+0.38147	-0.05538	-125.21926
-0.06992	-2.87094	-8.52153	+0.37435	+0.38145	-0.05538	-125.25893
-0.06738	-2.79307	-8.29038	+0.37448	+0.38129	-0.05537	-125.23711
-0.06484	-2.69860	-8.00997	+0.37449	+0.38158	-0.05540	-125.24530
-0.06230	-2.61466	-7.76082	+0.37442	+0.38145	-0.05532	-125.11177
-0.05975	-2.54198	-7.54511	+0.37409	+0.38154	-0.05532	-125.14464
-0.05721	-2.43384	-7.22413	+0.37433	+0.38150	-0.05534	-125.15836
-0.05467	-2.34824	-6.97004	+0.37435	+0.38146	-0.05533	-125.14510
-0.05213	-2.24185	-6.65427	+0.37428	+0.38159	-0.05533	-125.13524
-0.04958	-2.12583	-6.30988	+0.37431	+0.38156	-0.05538	-125.23630
-0.04704	-2.03530	-6.04116	+0.37463	+0.38150	-0.05542	-125.28641
-0.04450	-1.96349	-5.82804	+0.37459	+0.38142	-0.05549	-125.47466
-0.04195	-1.86843	-5.54587	+0.37429	+0.38152	-0.05558	-125.69439
-0.03941	-1.77913	-5.28081	+0.37450	+0.38131	-0.05562	-125.79318
-0.03687	-1.69494	-5.03092	+0.37446	+0.38151	-0.05550	-125.49062
-0.03433	-1.58858	-4.71523	+0.37454	+0.38154	-0.05544	-125.34289
-0.03178	-1.48654	-4.41233	+0.37453	+0.38156	-0.05548	-125.43707
-0.02924	-1.42108	-4.21806	+0.37459	+0.38163	-0.05552	-125.50713
-0.02670	-1.36176	-4.04198	+0.37455	+0.38145	-0.05552	-125.53840
-0.02416	-1.26953	-3.76823	+0.37462	+0.38171	-0.05548	-125.38153
-0.02161	-1.18927	-3.53000	+0.37421	+0.38119	-0.05551	-125.62654
-0.01907	-1.11485	-3.30911	+0.37438	+0.38152	-0.05547	-125.44655
-0.01653	-1.01050	-2.99937	+0.37430	+0.38137	-0.05541	-125.33959
-0.01398	-0.91253	-2.70856	+0.37455	+0.38150	-0.05541	-125.28895
-0.01144	-0.79119	-2.34840	+0.37456	+0.38140	-0.05539	-125.24302
-0.00890	-0.69208	-2.05422	+0.37420	+0.38144	-0.05537	-125.25460
-0.00636	-0.60721	-1.80231	+0.37444	+0.38150	-0.05537	-125.20384
-0.00381	-0.53877	-1.59917	+0.37441	+0.38157	-0.05539	-125.23792
-0.00127	-0.44043	-1.30729	+0.37433	+0.38151	-0.05541	-125.32304
+0.00127	-0.35180	-1.04421	+0.37441	+0.38112	-0.05532	-125.16506
+0.00381	-0.26905	-0.79859	+0.37447	+0.38129	-0.05528	-125.02378
+0.00636	-0.14389	-0.42711	+0.37475	+0.38185	-0.05532	-124.98127
+0.00890	-0.03064	-0.09094	+0.37437	+0.38127	-0.05534	-125.18431
+0.01144	+0.04662	+0.13839	+0.37454	+0.38142	-0.05529	-125.03113
+0.01398	+0.13848	+0.41102	+0.37456	+0.38150	-0.05534	-125.11561
+0.01653	+0.22808	+0.67698	+0.37463	+0.38142	-0.05531	-125.04775
+0.01907	+0.30979	+0.91952	+0.37465	+0.38165	-0.05529	-124.96140
+0.02161	+0.40842	+1.21228	+0.37429	+0.38148	-0.05532	-125.12035
+0.02416	+0.50099	+1.48703	+0.37430	+0.38148	-0.05534	-125.16511
+0.02670	+0.59671	+1.77115	+0.37446	+0.38153	-0.05534	-125.12759
+0.02924	+0.72396	+2.14885	+0.37413	+0.38143	-0.05535	-125.21675
+0.03178	+0.80940	+2.40246	+0.37459	+0.38147	-0.05526	-124.93933
+0.03433	+0.88724	+2.63351	+0.37461	+0.38157	-0.05518	-124.73929
+0.03687	+0.98042	+2.91007	+0.37452	+0.38159	-0.05530	-125.02507
+0.03941	+1.06606	+3.16428	+0.37458	+0.38157	-0.05526	-124.92641
+0.04195	+1.14781	+3.40693	+0.37442	+0.38152	-0.05520	-124.81509
+0.04450	+1.24612	+3.69873	+0.37425	+0.38142	-0.05521	-124.89798
+0.04704	+1.36947	+4.06485	+0.37478	+0.38154	-0.05516	-124.67372
+0.04958	+1.45222	+4.31049	+0.37432	+0.38130	-0.05522	-124.91699
+0.05213	+1.55698	+4.62143	+0.37455	+0.38163	-0.05517	-124.72700
+0.05467	+1.64213	+4.87417	+0.37444	+0.38140	-0.05517	-124.77378
+0.05721	+1.73332	+5.14483	+0.37459	+0.38146	-0.05507	-124.50634
+0.05975	+1.83433	+5.44466	+0.37456	+0.38161	-0.05497	-124.26808
+0.06230	+1.92122	+5.70256	+0.37443	+0.38139	-0.05479	-123.92661
+0.06484	+2.00920	+5.96372	+0.37464	+0.38145	-0.05466	-123.57271
+0.06738	+2.14415	+6.36426	+0.37466	+0.38125	-0.05429	-122.77002
+0.06992	+2.23043	+6.62037	+0.37447	+0.38116	-0.05371	-121.49883
+0.07247	+2.30840	+6.85178	+0.37462	+0.38106	-0.05286	-119.56521
+0.07501	+2.41377	+7.16456	+0.37457	+0.38115	-0.05154	-116.58732
+0.07755	+2.49207	+7.39698	+0.37506	+0.38121	-0.04954	-111.98002
+0.08010	+2.55572	+7.58588	+0.37525	+0.38104	-0.04653	-105.18214
+0.08264	+2.62475	+7.79079	+0.37558	+0.38058	-0.04193	-94.78425
+0.08518	+2.73083	+8.10566	+0.37625	+0.38017	-0.03382	-76.43909
+0.08772	+2.82626	+8.38891	+0.37652	+0.37967	-0.02384	-53.89811
+0.09027	+2.90012	+8.60814	+0.37647	+0.37888	-0.01513	-34.23728
+0.09281	+2.99735	+8.89675	+0.37698	+0.37892	-0.00807	-18.26233
+0.09535	+3.07455	+9.12589	+0.37725	+0.37866	-0.00277	-6.25671
+0.09789	+3.15565	+9.36660	+0.37767	+0.37856	+0.00089	+2.01065
+0.10044	+3.25791	+9.67014	+0.37726	+0.37842	+0.00304	+6.86907
+0.10298	+3.37833	+10.02756	+0.37739	+0.37812	+0.00527	+11.93160
+0.10552	+3.50929	+10.41627	+0.37750	+0.37802	+0.00809	+18.31324
+0.10807	+3.63434	+10.78746	+0.37749	+0.37792	+0.00924	+20.90160
+0.11061	+3.70805	+11.00623	+0.37736	+0.37798	+0.01006	+22.75754
+0.11315	+3.78865	+11.24548	+0.37761	+0.37806	+0.01087	+24.58359
+0.11569	+3.87433	+11.49977	+0.37772	+0.37809	+0.01147	+25.95065
+0.11824	+3.96110	+11.75732	+0.37808	+0.37775	+0.01214	+27.46571
+0.12078	+4.04609	+12.00960	+0.37776	+0.37788	+0.01288	+29.13138
+0.12332	+4.15790	+12.34148	+0.37795	+0.37795	+0.01362	+30.79961
+0.12586	+4.26947	+12.67265	+0.37824	+0.37773	+0.01449	+32.76124
+0.12841	+4.36594	+12.95899	+0.37780	+0.37770	+0.01534	+34.71902
+0.13095	+4.46943	+13.26615	+0.37785	+0.37782	+0.01598	+36.16093
+0.13349	+4.55070	+13.50739	+0.37770	+0.37763	+0.01657	+37.49315
+0.13604	+4.63133	+13.74671	+0.37805	+0.37764	+0.01715	+38.79349
+0.13858	+4.72584	+14.02725	+0.37809	+0.37794	+0.01762	+39.84065
+0.14112	+4.81769	+14.29987	+0.37812	+0.37773	+0.01801	+40.74093
+0.14366	+4.90888	+14.57053	+0.37785	+0.37759	+0.01847	+41.80260
+0.14621	+5.03149	+14.93448	+0.37796	+0.37752	+0.01892	+42.82174
+0.14875	+5.12598	+15.21493	+0.37797	+0.37771	+0.01923	+43.51057
+0.15129	+5.20532	+15.45042	+0.37780	+0.37750	+0.01941	+43.92445
+0.15383	+5.30182	+15.73687	+0.37804	+0.37758	+0.01958	+44.29797
+0.15638	+5.38366	+15.97979	+0.37794	+0.37750	+0.01963	+44.42231
+0.15892	+5.46652	+16.22573	+0.37819	+0.37773	+0.01960	+44.32969
+0.16146	+5.57078	+16.53518	+0.37808	+0.37756	+0.01957	+44.28446
+0.16401	+5.66328	+16.80975	+0.37783	+0.37743	+0.01964	+44.44934
+0.16655	+5.78482	+17.17050	+0.37826	+0.37735	+0.01986	+44.92438
+0.16909	+5.90522	+17.52787	+0.37799	+0.37753	+0.01991	+45.05016
+0.17163	+5.98289	+17.75842	+0.37806	+0.37745	+0.02000	+45.25275
+0.17418	+6.05978	+17.98664	+0.37798	+0.37742	+0.02004	+45.34081
+0.17672	+6.15735	+18.27624	+0.37805	+0.37734	+0.01992	+45.07941
+0.17926	+6.25018	+18.55178	+0.37817	+0.37755	+0.01998	+45.18966
+0.18180	+6.31234	+18.73627	+0.37807	+0.37761	+0.02020	+45.69921
+0.18435	+6.38332	+18.94698	+0.37791	+0.37727	+0.02003	+45.34028
+0.18689	+6.52336	+19.36264	+0.37809	+0.37740	+0.01994	+45.13020
+0.18943	+6.59458	+19.57404	+0.37811	+0.37729	+0.01989	+45.01605
+0.19197	+6.65575	+19.75560	+0.37810	+0.37743	+0.01995	+45.14429
+0.19452	+6.75720	+20.05672	+0.37807	+0.37738	+0.01999	+45.22287
+0.19706	+6.84413	+20.31474	+0.37793	+0.37756	+0.01994	+45.12356
+0.19960	+6.91862	+20.53586	+0.37781	+0.37749	+0.01989	+45.01651
+0.20215	+7.02912	+20.86382	+0.37809	+0.37756	+0.01986	+44.93600
+0.20469	+7.14971	+21.22176	+0.37778	+0.37741	+0.01996	+45.19277
+0.20723	+7.23445	+21.47328	+0.37799	+0.37739	+0.02002	+45.31579
+0.20977	+7.33671	+21.77682	+0.37790	+0.37744	+0.02006	+45.40049
+0.21232	+7.41993	+22.02384	+0.37778	+0.37725	+0.02003	+45.35435
+0.21486	+7.50940	+22.28939	+0.37808	+0.37750	+0.02007	+45.39739
+0.21740	+7.60569	+22.57521	+0.37791	+0.37748	+0.02004	+45.35468
+0.21994	+7.70036	+22.85620	+0.37808	+0.37745	+0.02005	+45.35540
+0.22249	+7.79368	+23.13321	+0.37791	+0.37744	+0.02010	+45.49528
+0.22503	+7.91496	+23.49318	+0.37775	+0.37746	+0.02009	+45.48312
+0.22757	+8.01505	+23.79027	+0.37795	+0.37736	+0.02018	+45.68170
+0.23012	+8.08662	+24.00270	+0.37811	+0.37763	+0.02022	+45.72886
+0.23266	+8.18925	+24.30734	+0.37805	+0.37750	+0.02017	+45.64452
+0.23520	+8.27663	+24.56669	+0.37789	+0.37736	+0.02013	+45.55875
+0.23774	+8.36114	+24.81752	+0.37797	+0.37734	+0.02015	+45.61149
+0.24029	+8.47004	+25.14077	+0.37818	+0.37742	+0.02020	+45.68901
+0.24283	+8.57185	+25.44296	+0.37807	+0.37760	+0.02024	+45.79755
+0.24537	+8.66120	+25.70818	+0.37792	+0.37733	+0.02018	+45.67520
+0.24791	+8.78564	+26.07754	+0.37814	+0.37748	+0.02016	+45.59914
+0.25046	+8.87993	+26.35742	+0.37788	+0.37751	+0.02023	+45.77506
+0.25300	+8.96169	+26.60008	+0.37795	+0.37735	+0.02028	+45.90064
