# Calibration factor: 2898.500 mdeg# # I     	V_Hall  	B       	I1      	I2      	I12     	Kerr# A     	mV      	mT      	V       	V       	V       	mdeg
+0.50600	+18.00722	+53.44904	+0.59339	+0.59944	-0.04678	-113.68495
+0.48885	+18.23954	+54.13861	+0.59324	+0.59960	-0.04948	-120.24197
+0.47169	+18.19605	+54.00952	+0.59348	+0.59962	-0.04947	-120.17254
+0.45454	+17.96013	+53.30927	+0.59362	+0.59996	-0.04971	-120.71246
+0.43739	+17.59258	+52.21829	+0.59347	+0.59985	-0.04974	-120.80922
+0.42024	+17.11206	+50.79202	+0.59359	+0.59974	-0.04967	-120.63221
+0.40308	+16.65553	+49.43693	+0.59331	+0.59988	-0.04970	-120.73604
+0.38593	+16.18283	+48.03388	+0.59347	+0.59977	-0.04945	-120.11969
+0.36878	+15.68037	+46.54248	+0.59327	+0.59998	-0.04987	-121.13611
+0.35163	+15.07926	+44.75825	+0.59349	+0.59985	-0.04970	-120.70455
+0.33447	+14.50765	+43.06160	+0.59341	+0.60005	-0.04952	-120.26448
+0.31732	+13.97988	+41.49507	+0.59340	+0.59974	-0.04975	-120.86069
+0.30017	+13.45524	+39.93785	+0.59347	+0.59986	-0.04955	-120.34769
+0.28302	+12.78114	+37.93697	+0.59348	+0.60003	-0.04971	-120.72202
+0.26586	+12.13569	+36.02114	+0.59347	+0.60002	-0.04924	-119.57837
+0.24871	+11.51101	+34.16698	+0.59324	+0.59974	-0.04934	-119.88922
+0.23156	+10.96100	+32.53445	+0.59377	+0.59957	-0.04960	-120.47829
+0.21441	+10.35034	+30.72187	+0.59357	+0.60007	-0.04913	-119.31226
+0.19725	+9.77277	+29.00754	+0.59340	+0.59960	-0.04916	-119.44739
+0.18010	+9.17939	+27.24626	+0.59351	+0.59978	-0.04866	-118.18307
+0.16295	+8.57648	+25.45671	+0.59328	+0.59966	-0.04866	-118.23607
+0.14580	+7.79950	+23.15048	+0.59316	+0.59981	-0.04856	-117.97096
+0.12864	+7.24845	+21.51485	+0.59369	+0.59967	-0.04832	-117.36870
+0.11149	+6.62593	+19.66709	+0.59334	+0.59995	-0.04831	-117.33863
+0.09434	+6.02727	+17.89014	+0.59349	+0.59992	-0.04787	-116.25359
+0.07719	+5.39277	+16.00681	+0.59350	+0.59993	-0.04800	-116.57568
+0.06003	+4.73261	+14.04734	+0.59323	+0.59953	-0.04777	-116.07377
+0.04288	+4.15945	+12.34608	+0.59366	+0.59964	-0.04747	-115.31146
+0.02573	+3.50133	+10.39264	+0.59356	+0.59964	-0.04747	-115.30045
+0.00858	+2.88529	+8.56411	+0.59357	+0.59988	-0.04732	-114.93061
-0.00858	+2.25987	+6.70776	+0.59385	+0.59974	-0.04750	-115.35462
-0.02573	+1.61931	+4.80644	+0.59358	+0.60004	-0.04717	-114.53228
-0.04288	+1.03695	+3.07789	+0.59345	+0.59969	-0.04695	-114.06640
-0.06003	+0.44086	+1.30856	+0.59370	+0.59974	-0.04704	-114.24706
-0.07719	-0.18622	-0.55274	+0.59377	+0.59970	-0.04688	-113.85248
-0.09434	-0.88819	-2.63632	+0.59370	+0.59978	-0.04710	-114.39827
-0.11149	-1.65033	-4.89852	+0.59331	+0.59948	-0.04670	-113.46781
-0.12864	-2.31873	-6.88246	+0.59325	+0.59944	-0.04636	-112.66358
-0.14580	-2.91303	-8.64644	+0.59271	+0.59909	-0.04570	-111.14276
-0.16295	-3.57954	-10.62479	+0.59264	+0.59857	-0.04517	-109.91406
-0.18010	-4.25623	-12.63333	+0.59249	+0.59868	-0.04524	-110.08990
-0.19725	-4.92022	-14.60421	+0.59279	+0.59844	-0.04493	-109.31867
-0.21441	-5.57669	-16.55273	+0.59280	+0.59863	-0.04508	-109.67576
-0.23156	-6.25349	-18.56161	+0.59282	+0.59859	-0.04519	-109.94515
-0.24871	-7.02979	-20.86583	+0.59263	+0.59857	-0.04569	-111.16541
-0.26586	-7.75634	-23.02236	+0.59240	+0.59883	-0.04633	-112.73448
-0.28302	-8.36404	-24.82613	+0.59169	+0.59840	-0.04844	-117.97722
-0.30017	-9.03824	-26.82730	+0.59144	+0.59876	-0.05350	-130.28498
-0.31732	-9.65160	-28.64788	+0.59112	+0.59838	-0.05783	-140.90863
-0.33447	-10.25895	-30.45061	+0.59142	+0.59859	-0.05949	-144.90426
-0.35163	-10.93761	-32.46501	+0.59112	+0.59843	-0.05964	-145.31370
-0.36878	-11.70434	-34.74082	+0.59137	+0.59864	-0.05905	-143.83750
-0.38593	-12.46098	-36.98667	+0.59113	+0.59848	-0.05886	-143.41598
-0.40308	-13.13144	-38.97674	+0.59113	+0.59876	-0.05800	-141.27622
-0.42024	-13.72217	-40.73014	+0.59103	+0.59842	-0.05798	-141.27651
-0.43739	-14.35383	-42.60505	+0.59140	+0.59841	-0.05759	-140.29724
-0.45454	-15.06557	-44.71763	+0.59142	+0.59846	-0.05712	-139.15165
-0.47169	-15.67335	-46.52165	+0.59147	+0.59846	-0.05693	-138.67605
-0.48885	-16.28445	-48.33549	+0.59128	+0.59812	-0.05617	-136.88564
-0.50600	-16.96610	-50.35878	+0.59109	+0.59838	-0.05604	-136.55011
-0.50600	-17.60460	-52.25398	+0.59143	+0.59838	-0.05592	-136.23680
-0.48885	-18.02567	-53.50379	+0.59125	+0.59851	-0.05523	-134.56248
-0.47169	-18.12134	-53.78776	+0.59118	+0.59819	-0.05527	-134.69468
-0.45454	-17.98666	-53.38801	+0.59122	+0.59827	-0.05523	-134.57570
-0.43739	-17.73532	-52.64198	+0.59125	+0.59833	-0.05531	-134.76456
-0.42024	-17.40951	-51.67490	+0.59128	+0.59815	-0.05525	-134.64409
-0.40308	-17.00308	-50.46855	+0.59097	+0.59823	-0.05506	-134.18906
-0.38593	-16.49794	-48.96919	+0.59140	+0.59825	-0.05554	-135.32086
-0.36878	-15.81032	-46.92819	+0.59120	+0.59853	-0.05571	-135.73384
-0.35163	-15.24001	-45.23539	+0.59108	+0.59851	-0.05608	-136.63854
-0.33447	-14.76680	-43.83083	+0.59133	+0.59852	-0.05648	-137.57658
-0.31732	-14.22277	-42.21601	+0.59152	+0.59838	-0.05662	-137.91754
-0.30017	-13.66709	-40.56667	+0.59146	+0.59867	-0.05702	-138.86741
-0.28302	-13.08870	-38.84987	+0.59126	+0.59824	-0.05720	-139.39427
-0.26586	-12.51487	-37.14665	+0.59116	+0.59837	-0.05760	-140.35708
-0.24871	-11.93439	-35.42365	+0.59132	+0.59851	-0.05807	-141.46695
-0.23156	-11.10696	-32.96769	+0.59089	+0.59872	-0.05832	-142.09095
-0.21441	-10.40182	-30.87467	+0.59111	+0.59863	-0.05903	-143.82480
-0.19725	-9.84404	-29.21908	+0.59098	+0.59848	-0.05913	-144.07857
-0.18010	-9.22197	-27.37266	+0.59127	+0.59893	-0.05935	-144.54419
-0.16295	-8.63742	-25.63759	+0.59099	+0.59826	-0.05970	-145.51080
-0.14580	-8.04965	-23.89297	+0.59105	+0.59867	-0.05951	-144.97871
-0.12864	-7.39672	-21.95495	+0.59130	+0.59848	-0.06014	-146.50930
-0.11149	-6.73581	-19.99323	+0.59119	+0.59858	-0.06042	-147.19677
-0.09434	-6.07329	-18.02674	+0.59089	+0.59847	-0.06053	-147.52712
-0.07719	-5.21639	-15.48330	+0.59112	+0.59867	-0.06095	-148.47442
-0.06003	-4.64350	-13.78285	+0.59094	+0.59858	-0.06101	-148.67409
-0.04288	-3.96185	-11.75955	+0.59099	+0.59900	-0.06187	-150.69190
-0.02573	-3.33732	-9.90585	+0.59097	+0.59861	-0.06197	-151.00241
-0.00858	-2.73259	-8.11086	+0.59094	+0.59881	-0.06197	-150.96945
+0.00858	-2.12651	-6.31189	+0.59105	+0.59884	-0.06247	-152.16438
+0.02573	-1.52330	-4.52146	+0.59073	+0.59864	-0.06275	-152.91557
+0.04288	-0.87927	-2.60986	+0.59090	+0.59866	-0.06321	-154.01806
+0.06003	-0.00340	-0.01010	+0.59091	+0.59870	-0.06347	-154.63797
+0.07719	+0.55569	+1.64939	+0.59084	+0.59885	-0.06385	-155.55681
+0.09434	+1.10747	+3.28720	+0.59089	+0.59881	-0.06480	-157.86854
+0.11149	+1.73758	+5.15747	+0.59136	+0.59950	-0.06468	-157.40473
+0.12864	+2.32117	+6.88969	+0.59160	+0.59985	-0.06528	-158.80719
+0.14580	+2.94434	+8.73939	+0.59194	+0.59976	-0.06516	-158.47719
+0.16295	+3.57941	+10.62441	+0.59183	+0.59998	-0.06485	-157.71570
+0.18010	+4.19593	+12.45435	+0.59198	+0.60005	-0.06486	-157.71048
+0.19725	+4.92081	+14.60594	+0.59174	+0.59993	-0.06398	-155.62514
+0.21441	+5.58301	+16.57150	+0.59217	+0.59995	-0.06421	-156.12864
+0.23156	+6.19468	+18.38706	+0.59202	+0.59984	-0.06415	-155.99861
+0.24871	+6.87543	+20.40766	+0.59240	+0.60011	-0.06306	-153.27955
+0.26586	+7.45583	+22.13041	+0.59237	+0.59991	-0.06241	-151.72468
+0.28302	+8.04283	+23.87273	+0.59320	+0.60004	-0.05917	-143.71657
+0.30017	+8.65683	+25.69520	+0.59331	+0.60004	-0.05414	-131.50061
+0.31732	+9.34626	+27.74157	+0.59363	+0.60003	-0.05006	-121.56970
+0.33447	+10.07916	+29.91697	+0.59389	+0.60027	-0.04849	-117.67970
+0.35163	+10.85248	+32.21234	+0.59352	+0.60028	-0.04922	-119.50896
+0.36878	+11.38921	+33.80545	+0.59379	+0.59988	-0.04890	-118.74658
+0.38593	+11.99647	+35.60793	+0.59383	+0.60015	-0.04911	-119.22161
+0.40308	+12.64966	+37.54672	+0.59379	+0.60013	-0.04922	-119.48569
+0.42024	+13.25728	+39.35027	+0.59358	+0.59995	-0.04941	-120.00228
+0.43739	+13.85232	+41.11647	+0.59375	+0.60001	-0.05003	-121.46940
+0.45454	+14.45139	+42.89461	+0.59347	+0.60011	-0.04978	-120.89505
+0.47169	+15.16724	+45.01939	+0.59335	+0.59987	-0.04986	-121.11045
+0.48885	+15.98008	+47.43208	+0.59365	+0.60006	-0.05023	-121.95628
+0.50600	+16.55199	+49.12961	+0.59363	+0.60011	-0.05007	-121.56855
