# Calibration factor: 2898.500 mdeg# # I     	V_Hall  	B       	I1      	I2      	I12     	Kerr# A     	mV      	mT      	V       	V       	V       	mdeg
+0.16900	+5.54859	+16.46932	+0.79344	+0.79503	-0.00161	-2.94335
+0.15121	+5.74370	+17.04845	+0.79328	+0.79528	-0.00248	-4.52012
+0.13342	+5.73267	+17.01571	+0.79338	+0.79498	-0.00231	-4.21181
+0.11563	+5.49533	+16.31122	+0.79354	+0.79528	-0.00186	-3.39251
+0.09784	+5.15441	+15.29933	+0.79360	+0.79553	-0.00193	-3.52524
+0.08005	+4.74244	+14.07651	+0.79330	+0.79504	-0.00204	-3.71712
+0.06226	+4.25808	+12.63884	+0.79327	+0.79512	-0.00202	-3.67592
+0.04447	+3.74392	+11.11271	+0.79372	+0.79530	-0.00254	-4.63355
+0.02668	+3.12670	+9.28067	+0.79339	+0.79529	-0.00288	-5.25323
+0.00889	+2.54817	+7.56349	+0.79342	+0.79519	-0.00374	-6.82629
-0.00889	+2.00245	+5.94367	+0.79366	+0.79540	-0.00398	-7.25509
-0.02668	+1.43662	+4.26419	+0.79334	+0.79517	-0.00436	-7.95018
-0.04447	+0.91377	+2.71226	+0.79336	+0.79523	-0.00502	-9.15476
-0.06226	+0.35798	+1.06257	+0.79338	+0.79531	-0.00540	-9.85335
-0.08005	-0.22743	-0.67504	+0.79342	+0.79580	-0.00592	-10.79811
-0.09784	-0.82446	-2.44716	+0.79351	+0.79545	-0.00622	-11.35356
-0.11563	-1.57568	-4.67693	+0.79339	+0.79566	-0.00663	-12.10027
-0.13342	-2.26275	-6.71631	+0.79368	+0.79508	-0.00706	-12.87846
-0.15121	-2.91124	-8.64114	+0.79235	+0.79421	-0.00424	-7.73565
-0.16900	-3.52960	-10.47657	+0.79275	+0.79352	+0.00148	+2.70475
-0.16900	-4.01500	-11.91733	+0.79255	+0.79379	+0.00364	+6.65772
-0.15121	-4.33738	-12.87423	+0.79279	+0.79365	+0.00375	+6.84406
-0.13342	-4.42835	-13.14422	+0.79237	+0.79366	+0.00316	+5.78306
-0.11563	-4.33851	-12.87756	+0.79259	+0.79345	+0.00294	+5.37508
-0.09784	-3.99860	-11.86864	+0.79248	+0.79393	+0.00223	+4.07501
-0.08005	-3.61113	-10.71855	+0.79246	+0.79377	+0.00169	+3.09440
-0.06226	-3.18029	-9.43974	+0.79257	+0.79366	+0.00169	+3.08976
-0.04447	-2.70076	-8.01640	+0.79245	+0.79376	+0.00173	+3.16618
-0.02668	-2.21150	-6.56418	+0.79230	+0.79352	+0.00155	+2.83097
-0.00889	-1.70076	-5.04819	+0.79246	+0.79360	+0.00183	+3.34111
+0.00889	-1.20286	-3.57034	+0.79282	+0.79364	+0.00219	+4.00095
+0.02668	-0.67856	-2.01411	+0.79270	+0.79398	+0.00291	+5.31037
+0.04447	+0.02992	+0.08880	+0.79275	+0.79341	+0.00327	+5.97022
+0.06226	+0.62984	+1.86949	+0.79237	+0.79368	+0.00365	+6.67878
+0.08005	+1.19664	+3.55188	+0.79267	+0.79334	+0.00456	+8.33479
+0.09784	+1.78233	+5.29030	+0.79210	+0.79351	+0.00495	+9.04942
+0.11563	+2.35412	+6.98748	+0.79308	+0.79443	+0.00310	+5.65316
+0.13342	+2.92571	+8.68408	+0.79361	+0.79554	-0.00170	-3.10812
+0.15121	+3.51583	+10.43568	+0.79350	+0.79519	-0.00465	-8.47386
+0.16900	+4.13921	+12.28601	+0.79311	+0.79499	-0.00471	-8.59919
