# Calibration factor: 2898.500 mdeg# # I     	V_Hall  	B       	I1      	I2      	I12     	Kerr# A     	mV      	mT      	V       	V       	V       	mdeg
+0.21100	+6.78266	+20.13228	+0.83505	+0.83935	-0.03046	-52.73225
+0.18879	+7.01764	+20.82975	+0.83520	+0.83950	-0.02933	-50.75544
+0.16658	+6.95228	+20.63574	+0.83503	+0.83928	-0.02904	-50.27189
+0.14437	+6.70050	+19.88843	+0.83511	+0.83935	-0.02927	-50.66350
+0.12216	+6.27421	+18.62310	+0.83506	+0.83945	-0.02960	-51.23276
+0.09995	+5.65599	+16.78812	+0.83498	+0.83942	-0.02971	-51.43127
+0.07774	+5.07119	+15.05231	+0.83541	+0.83958	-0.02953	-51.09528
+0.05553	+4.37708	+12.99204	+0.83549	+0.83953	-0.02955	-51.12748
+0.03332	+3.59326	+10.66550	+0.83486	+0.83947	-0.02992	-51.80122
+0.01111	+2.94148	+8.73089	+0.83540	+0.83956	-0.02988	-51.70770
-0.01111	+2.29214	+6.80354	+0.83529	+0.83974	-0.02976	-51.49756
-0.03332	+1.60641	+4.76814	+0.83524	+0.83959	-0.02979	-51.55657
-0.05553	+0.86431	+2.56545	+0.83473	+0.83943	-0.03007	-52.05617
-0.07774	-0.07401	-0.21968	+0.83521	+0.83956	-0.03003	-51.97073
-0.09995	-0.82801	-2.45770	+0.83511	+0.83941	-0.03006	-52.02550
-0.12216	-1.60380	-4.76040	+0.83522	+0.83937	-0.03008	-52.06639
-0.14437	-2.48099	-7.36407	+0.83547	+0.83893	-0.02865	-49.59945
-0.16658	-3.20946	-9.52633	+0.83490	+0.83766	-0.02066	-35.79714
-0.18879	-3.99970	-11.87192	+0.83265	+0.83735	-0.02045	-35.49455
-0.21100	-4.78870	-14.21383	+0.83240	+0.83720	-0.02970	-51.55597
-0.21100	-5.53309	-16.42332	+0.83267	+0.83746	-0.03463	-60.10204
-0.18879	-6.03909	-17.92524	+0.83240	+0.83703	-0.03488	-60.56520
-0.16658	-6.18938	-18.37133	+0.83245	+0.83734	-0.03432	-59.56876
-0.14437	-6.00947	-17.83731	+0.83267	+0.83756	-0.03399	-58.99266
-0.12216	-5.60626	-16.64051	+0.83221	+0.83726	-0.03407	-59.15423
-0.09995	-5.11517	-15.18285	+0.83275	+0.83744	-0.03379	-58.64388
-0.07774	-4.60711	-13.67483	+0.83248	+0.83764	-0.03397	-58.95409
-0.05553	-4.01277	-11.91071	+0.83250	+0.83755	-0.03479	-60.37580
-0.03332	-3.35509	-9.95858	+0.83235	+0.83735	-0.03506	-60.86264
-0.01111	-2.48853	-7.38645	+0.83242	+0.83765	-0.03527	-61.20687
+0.01111	-1.74571	-5.18160	+0.83236	+0.83738	-0.03569	-61.95352
+0.03332	-1.07112	-3.17931	+0.83216	+0.83722	-0.03608	-62.64021
+0.05553	-0.34664	-1.02890	+0.83231	+0.83735	-0.03659	-63.52453
+0.07774	+0.39925	+1.18507	+0.83209	+0.83739	-0.03659	-63.52827
+0.09995	+1.11145	+3.29900	+0.83187	+0.83699	-0.03749	-65.11346
+0.12216	+1.87183	+5.55596	+0.83210	+0.83793	-0.03947	-68.49493
+0.14437	+2.65239	+7.87281	+0.83290	+0.83863	-0.04384	-76.01703
+0.16658	+3.54480	+10.52168	+0.83386	+0.83940	-0.04268	-73.93617
+0.18879	+4.45728	+13.23011	+0.83489	+0.83950	-0.03537	-61.22511
+0.21100	+5.14977	+15.28555	+0.83498	+0.83946	-0.03200	-55.39372
