# Calibration factor: 2898.500 mdeg# # I     	V_Hall  	B       	I1      	I2      	I12     	Kerr# A     	mV      	mT      	V       	V       	V       	mdeg
+0.42200	+15.18081	+45.05967	+0.82333	+0.82440	+0.00191	+3.35795
+0.41132	+15.26687	+45.31514	+0.82331	+0.82489	+0.00070	+1.22435
+0.40063	+15.27477	+45.33856	+0.82303	+0.82460	-0.00072	-1.27345
+0.38995	+15.16890	+45.02434	+0.82317	+0.82457	+0.00003	+0.04971
+0.37927	+14.96845	+44.42936	+0.82344	+0.82464	+0.00066	+1.16195
+0.36858	+14.71470	+43.67617	+0.82328	+0.82479	-0.00023	-0.39693
+0.35790	+14.38423	+42.69527	+0.82308	+0.82475	-0.00136	-2.38740
+0.34722	+14.09703	+41.84280	+0.82349	+0.82430	-0.00056	-0.98222
+0.33653	+13.62573	+40.44390	+0.82329	+0.82464	-0.00119	-2.09111
+0.32585	+13.33835	+39.59090	+0.82291	+0.82459	-0.00233	-4.09935
+0.31516	+13.05165	+38.73989	+0.82299	+0.82486	-0.00234	-4.10701
+0.30448	+12.75489	+37.85905	+0.82333	+0.82449	-0.00114	-2.00519
+0.29380	+12.41137	+36.83942	+0.82298	+0.82479	-0.00006	-0.10927
+0.28311	+12.05409	+35.77896	+0.82306	+0.82465	-0.00120	-2.10178
+0.27243	+11.62953	+34.51877	+0.82307	+0.82477	-0.00207	-3.63994
+0.26175	+11.28265	+33.48917	+0.82313	+0.82450	-0.00114	-2.00397
+0.25106	+10.84497	+32.19003	+0.82306	+0.82456	-0.00042	-0.73738
+0.24038	+10.44442	+31.00111	+0.82319	+0.82473	-0.00202	-3.56012
+0.22970	+10.13545	+30.08403	+0.82328	+0.82477	-0.00290	-5.10972
+0.21901	+9.81815	+29.14224	+0.82305	+0.82468	-0.00213	-3.75174
+0.20833	+9.46034	+28.08018	+0.82267	+0.82454	-0.00251	-4.41624
+0.19765	+9.10148	+27.01502	+0.82298	+0.82477	-0.00358	-6.30087
+0.18696	+8.70824	+25.84780	+0.82324	+0.82497	-0.00344	-6.05141
+0.17628	+8.32580	+24.71264	+0.82318	+0.82455	-0.00305	-5.35926
+0.16559	+7.91465	+23.49227	+0.82277	+0.82509	-0.00477	-8.38423
+0.15491	+7.39892	+21.96148	+0.82286	+0.82465	-0.00510	-8.98113
+0.14423	+7.06324	+20.96511	+0.82257	+0.82470	-0.00429	-7.54561
+0.13354	+6.71593	+19.93422	+0.82263	+0.82513	-0.00587	-10.31867
+0.12286	+6.34962	+18.84696	+0.82271	+0.82471	-0.00768	-13.51528
+0.11218	+5.99819	+17.80382	+0.82287	+0.82499	-0.00687	-12.07990
+0.10149	+5.60347	+16.63221	+0.82308	+0.82459	-0.00477	-8.38482
+0.09081	+5.21499	+15.47914	+0.82219	+0.82476	-0.00510	-8.96851
+0.08013	+4.79892	+14.24415	+0.82286	+0.82444	-0.00602	-10.58454
+0.06944	+4.29756	+12.75602	+0.82251	+0.82433	-0.00442	-7.77563
+0.05876	+3.95733	+11.74615	+0.82251	+0.82445	-0.00404	-7.11693
+0.04808	+3.61265	+10.72306	+0.82253	+0.82479	-0.00570	-10.03308
+0.03739	+3.22959	+9.58608	+0.82245	+0.82440	-0.00621	-10.93338
+0.02671	+2.84741	+8.45168	+0.82224	+0.82433	-0.00544	-9.56719
+0.01603	+2.45226	+7.27879	+0.82255	+0.82459	-0.00533	-9.38235
+0.00534	+2.04800	+6.07886	+0.82246	+0.82420	-0.00672	-11.82612
-0.00534	+1.66777	+4.95028	+0.82235	+0.82479	-0.00746	-13.12115
-0.01603	+1.28006	+3.79947	+0.82218	+0.82430	-0.00723	-12.72979
-0.02671	+0.80174	+2.37971	+0.82226	+0.82450	-0.00753	-13.26100
-0.03739	+0.44908	+1.33295	+0.82221	+0.82457	-0.00765	-13.46793
-0.04808	+0.07303	+0.21677	+0.82210	+0.82424	-0.00765	-13.46684
-0.05876	-0.31280	-0.92845	+0.82222	+0.82437	-0.00772	-13.58187
-0.06944	-0.70497	-2.09250	+0.82235	+0.82429	-0.00791	-13.92874
-0.08013	-1.12314	-3.33372	+0.82203	+0.82481	-0.00802	-14.11541
-0.09081	-1.48834	-4.41770	+0.82188	+0.82432	-0.00838	-14.74878
-0.10149	-1.95967	-5.81669	+0.82180	+0.82388	-0.00835	-14.70542
-0.11218	-2.36342	-7.01511	+0.82102	+0.82288	-0.00670	-11.80320
-0.12286	-2.72427	-8.08617	+0.82086	+0.82219	-0.00456	-8.04711
-0.13354	-3.09202	-9.17772	+0.82122	+0.82267	-0.00354	-6.24445
-0.14423	-3.51979	-10.44743	+0.82091	+0.82277	-0.00284	-5.00067
-0.15491	-3.98127	-11.81721	+0.82103	+0.82240	-0.00258	-4.53997
-0.16559	-4.41310	-13.09898	+0.82088	+0.82279	-0.00182	-3.20882
-0.17628	-4.80024	-14.24806	+0.82106	+0.82255	-0.00147	-2.58975
-0.18696	-5.22202	-15.49999	+0.82087	+0.82240	-0.00146	-2.56740
-0.19765	-5.69195	-16.89485	+0.82128	+0.82250	-0.00113	-1.99022
-0.20833	-6.05260	-17.96532	+0.82127	+0.82295	-0.00095	-1.68060
-0.21901	-6.43806	-19.10945	+0.82103	+0.82228	-0.00077	-1.35831
-0.22970	-6.85247	-20.33951	+0.82100	+0.82271	-0.00058	-1.01199
-0.24038	-7.32766	-21.74996	+0.82124	+0.82272	-0.00059	-1.03085
-0.25106	-7.76508	-23.04830	+0.82125	+0.82281	+0.00024	+0.42905
-0.26175	-8.15221	-24.19739	+0.82125	+0.82258	+0.00076	+1.33981
-0.27243	-8.56983	-25.43697	+0.82183	+0.82299	+0.00164	+2.88947
-0.28311	-9.06986	-26.92116	+0.82210	+0.82274	+0.00546	+9.61256
-0.29380	-9.45476	-28.06361	+0.82266	+0.82272	+0.01027	+18.09401
-0.30448	-9.84319	-29.21656	+0.82262	+0.82243	+0.01433	+25.25751
-0.31516	-10.27484	-30.49777	+0.82270	+0.82301	+0.01666	+29.35536
-0.32585	-10.69492	-31.74465	+0.82319	+0.82250	+0.01755	+30.91621
-0.33653	-11.10419	-32.95946	+0.82308	+0.82284	+0.01696	+29.86775
-0.34722	-11.52272	-34.20173	+0.82276	+0.82258	+0.01703	+30.00418
-0.35790	-12.03929	-35.73501	+0.82265	+0.82250	+0.01696	+29.87610
-0.36858	-12.42702	-36.88587	+0.82263	+0.82260	+0.01687	+29.72023
-0.37927	-12.79557	-37.97981	+0.82270	+0.82285	+0.01650	+29.07118
-0.38995	-13.18313	-39.13016	+0.82288	+0.82260	+0.01673	+29.46585
-0.40063	-13.60080	-40.36990	+0.82269	+0.82211	+0.01712	+30.17357
-0.41132	-14.04834	-41.69828	+0.82274	+0.82283	+0.01734	+30.54893
-0.42200	-14.48814	-43.00369	+0.82273	+0.82238	+0.01690	+29.77468
-0.42200	-14.88345	-44.17704	+0.82248	+0.82216	+0.01755	+30.93762
-0.41132	-15.12876	-44.90517	+0.82255	+0.82211	+0.01818	+32.03355
-0.40063	-15.15339	-44.97828	+0.82277	+0.82254	+0.01790	+31.53680
-0.38995	-15.07584	-44.74812	+0.82285	+0.82216	+0.01789	+31.51696
-0.37927	-14.91325	-44.26551	+0.82269	+0.82234	+0.01802	+31.75509
-0.36858	-14.69048	-43.60427	+0.82259	+0.82216	+0.01832	+32.29304
-0.35790	-14.40530	-42.75781	+0.82258	+0.82219	+0.01808	+31.86408
-0.34722	-14.08379	-41.80350	+0.82310	+0.82234	+0.01763	+31.06566
-0.33653	-13.73751	-40.77568	+0.82247	+0.82240	+0.01740	+30.66661
-0.32585	-13.43552	-39.87931	+0.82255	+0.82223	+0.01741	+30.67890
-0.31516	-13.09289	-38.86232	+0.82263	+0.82239	+0.01728	+30.44752
-0.30448	-12.76585	-37.89160	+0.82265	+0.82255	+0.01686	+29.70277
-0.29380	-12.42778	-36.88814	+0.82310	+0.82254	+0.01664	+29.30117
-0.28311	-12.05825	-35.79129	+0.82270	+0.82287	+0.01666	+29.33834
-0.27243	-11.66379	-34.62045	+0.82287	+0.82265	+0.01681	+29.61081
-0.26175	-11.21060	-33.27529	+0.82281	+0.82301	+0.01639	+28.86219
-0.25106	-10.85788	-32.22836	+0.82303	+0.82261	+0.01645	+28.97303
-0.24038	-10.52345	-31.23571	+0.82295	+0.82247	+0.01699	+29.93117
-0.22970	-10.17751	-30.20888	+0.82295	+0.82274	+0.01731	+30.48490
-0.21901	-9.79397	-29.07045	+0.82315	+0.82292	+0.01718	+30.25539
-0.20833	-9.39595	-27.88905	+0.82284	+0.82269	+0.01708	+30.07875
-0.19765	-8.97127	-26.62852	+0.82307	+0.82274	+0.01715	+30.21156
-0.18696	-8.44603	-25.06952	+0.82295	+0.82277	+0.01723	+30.34662
-0.17628	-8.06235	-23.93068	+0.82311	+0.82302	+0.01687	+29.70978
-0.16559	-7.70560	-22.87177	+0.82301	+0.82273	+0.01675	+29.49340
-0.15491	-7.35074	-21.81848	+0.82326	+0.82297	+0.01643	+28.92270
-0.14423	-6.99435	-20.76064	+0.82307	+0.82306	+0.01637	+28.83136
-0.13354	-6.59160	-19.56519	+0.82302	+0.82293	+0.01623	+28.58381
-0.12286	-6.17500	-18.32863	+0.82289	+0.82268	+0.01626	+28.64311
-0.11218	-5.67756	-16.85213	+0.82306	+0.82264	+0.01654	+29.12920
-0.10149	-5.23691	-15.54420	+0.82317	+0.82267	+0.01806	+31.80668
-0.09081	-4.82991	-14.33614	+0.82316	+0.82241	+0.01944	+34.23338
-0.08013	-4.45389	-13.22005	+0.82326	+0.82248	+0.01971	+34.71269
-0.06944	-4.08142	-12.11447	+0.82323	+0.82250	+0.02049	+36.07729
-0.05876	-3.71700	-11.03280	+0.82333	+0.82233	+0.02159	+38.03112
-0.04808	-3.30647	-9.81426	+0.82359	+0.82277	+0.02246	+39.53979
-0.03739	-2.93771	-8.71971	+0.82348	+0.82295	+0.02214	+38.97883
-0.02671	-2.44302	-7.25136	+0.82353	+0.82248	+0.02187	+38.51312
-0.01603	-2.06181	-6.11986	+0.82338	+0.82255	+0.02219	+39.07955
-0.00534	-1.62549	-4.82478	+0.82336	+0.82292	+0.02178	+38.34488
+0.00534	-1.25475	-3.72435	+0.82323	+0.82290	+0.02067	+36.40175
+0.01603	-0.89561	-2.65835	+0.82333	+0.82306	+0.01934	+34.04173
+0.02671	-0.51579	-1.53097	+0.82325	+0.82302	+0.01886	+33.21075
+0.03739	-0.11171	-0.33158	+0.82349	+0.82304	+0.01835	+32.30620
+0.04808	+0.32730	+0.97149	+0.82348	+0.82324	+0.01776	+31.26449
+0.05876	+0.67326	+1.99836	+0.82338	+0.82294	+0.01718	+30.25474
+0.06944	+1.08237	+3.21270	+0.82347	+0.82314	+0.01842	+32.43135
+0.08013	+1.49233	+4.42953	+0.82409	+0.82363	+0.01844	+32.42934
+0.09081	+1.83806	+5.45572	+0.82463	+0.82453	+0.01704	+29.94412
+0.10149	+2.21233	+6.56664	+0.82498	+0.82502	+0.01574	+27.64798
+0.11218	+2.60488	+7.73180	+0.82475	+0.82489	+0.01516	+26.64348
+0.12286	+3.10537	+9.21735	+0.82473	+0.82457	+0.01466	+25.76223
+0.13354	+3.50518	+10.40408	+0.82470	+0.82477	+0.01404	+24.67617
+0.14423	+3.85305	+11.43663	+0.82481	+0.82515	+0.01346	+23.64813
+0.15491	+4.27452	+12.68764	+0.82474	+0.82480	+0.01308	+22.98192
+0.16559	+4.66744	+13.85388	+0.82475	+0.82480	+0.01339	+23.53447
+0.17628	+5.02946	+14.92845	+0.82487	+0.82492	+0.01297	+22.78075
+0.18696	+5.39346	+16.00887	+0.82482	+0.82491	+0.01252	+21.99098
+0.19765	+5.82898	+17.30158	+0.82493	+0.82510	+0.01241	+21.79729
+0.20833	+6.30708	+18.72068	+0.82481	+0.82497	+0.01245	+21.87753
+0.21901	+6.65359	+19.74918	+0.82503	+0.82494	+0.01198	+21.03834
+0.22970	+7.02343	+20.84694	+0.82443	+0.82508	+0.01057	+18.57027
+0.24038	+7.42826	+22.04857	+0.82460	+0.82515	+0.01068	+18.77051
+0.25106	+7.82563	+23.22802	+0.82481	+0.82506	+0.01112	+19.54484
+0.26175	+8.23114	+24.43166	+0.82427	+0.82472	+0.01055	+18.54789
+0.27243	+8.62604	+25.60380	+0.82355	+0.82484	+0.00733	+12.88465
+0.28311	+9.06299	+26.90076	+0.82362	+0.82518	+0.00177	+3.11996
+0.29380	+9.41118	+27.93426	+0.82290	+0.82473	-0.00182	-3.21005
+0.30448	+9.78933	+29.05670	+0.82283	+0.82476	-0.00360	-6.33555
+0.31516	+10.21946	+30.33339	+0.82328	+0.82501	-0.00378	-6.65312
+0.32585	+10.61833	+31.51731	+0.82300	+0.82501	-0.00366	-6.43183
+0.33653	+11.01645	+32.69904	+0.82329	+0.82487	-0.00422	-7.42063
+0.34722	+11.42147	+33.90121	+0.82326	+0.82500	-0.00390	-6.84919
+0.35790	+11.87629	+35.25120	+0.82312	+0.82469	-0.00299	-5.25521
+0.36858	+12.25867	+36.38620	+0.82308	+0.82465	-0.00292	-5.14191
+0.37927	+12.60682	+37.41955	+0.82295	+0.82475	-0.00248	-4.35530
+0.38995	+12.98553	+38.54365	+0.82306	+0.82462	-0.00177	-3.11269
+0.40063	+13.39578	+39.76136	+0.82327	+0.82447	-0.00137	-2.41598
+0.41132	+13.81384	+41.00225	+0.82281	+0.82446	-0.00177	-3.11663
+0.42200	+14.20067	+42.15042	+0.82337	+0.82498	-0.00171	-3.01309
